ODOMETRY 0.101373685667 0.0996252285934 0.000862235559071
SENSOR 1 2.29725290252 0.353956815014
SENSOR 2 4.01825728983 1.51507415344
ODOMETRY 0.101823187296 0.0997248889496 -0.000206654546125
SENSOR 1 1.96846687533 0.276209105501
SENSOR 2 3.87986704568 1.40393072429
ODOMETRY 0.100901695741 0.0997582630735 -0.000381616354179
SENSOR 1 1.96852886749 0.242784804425
SENSOR 2 3.87971065887 1.32647676387
ODOMETRY 0.0997651394437 0.0997993534855 -0.000208097310853
SENSOR 1 1.87508331126 0.0936569272975
SENSOR 2 3.849192179 1.20772931615
ODOMETRY 0.0988021399415 0.100360366225 -0.00122883669589
SENSOR 1 1.64421872619 -0.0593514730712
SENSOR 2 3.95417280741 1.25970767463
ODOMETRY 0.0998731020684 0.0998098334361 0.000926085589796
SENSOR 1 1.64079501221 -0.137553375677
SENSOR 2 3.59759872767 1.04090139691
ODOMETRY 0.100314651053 0.0996200579912 0.000575268519869
SENSOR 1 1.63668963967 -0.164205155951
SENSOR 2 3.76733107867 1.02783331425
ODOMETRY 0.100066427373 0.0997787196014 0.00016140029208
SENSOR 1 1.35096574442 -0.290175121698
SENSOR 2 3.77521988295 0.983315510779
ODOMETRY 0.100757002056 0.0998428685737 -0.000211648847469
SENSOR 8 4.9185663896 -0.395438658587
SENSOR 1 1.34647237204 -0.509755484258
SENSOR 2 3.71427679672 0.92294567505
ODOMETRY 0.100962422572 0.0998534959103 0.000658662316867
SENSOR 8 4.87575158242 -0.471161323013
SENSOR 1 1.14340287924 -0.63651274602
SENSOR 2 3.52742272729 0.827358592505
ODOMETRY 0.0992390051029 0.100115677426 -0.000216811832096
SENSOR 8 4.72075160291 -0.539321605004
SENSOR 1 1.21638996495 -0.860593555215
SENSOR 2 3.70903844372 0.752159761487
ODOMETRY 0.0489965903845 0.100051905877 -0.000257629385974
SENSOR 8 4.86663909002 -0.673941110611
SENSOR 1 1.19962918841 -0.911110534625
SENSOR 2 3.4305673166 0.673488499054
ODOMETRY 0.0998222275061 0.0996351296598 -0.000153756252698
SENSOR 8 4.58351837652 -0.750587339257
SENSOR 1 1.19033672649 -1.04401316016
SENSOR 2 3.21903139503 0.608609177764
ODOMETRY 0.101077500499 0.0998498505796 -0.000160756806792
SENSOR 8 4.47638974681 -0.87477261163
SENSOR 1 0.930451391422 -1.25663412504
SENSOR 2 3.30661799717 0.524107985292
ODOMETRY 0.100521808815 0.100140214715 -0.00102153918024
SENSOR 8 4.42544858746 -1.03059237397
SENSOR 1 1.09621121037 -1.43900397462
SENSOR 2 3.2382990193 0.518547924017
ODOMETRY 0.0991500821073 0.10013162298 0.00061821939171
SENSOR 8 4.48032266707 -1.16853964317
SENSOR 1 1.05453646597 -1.57360343045
SENSOR 2 3.12147771546 0.369604279194
ODOMETRY 0.000277686359907 0.0999909476789 -5.65207074877e-05
SENSOR 8 4.51041519435 -1.13505398802
SENSOR 1 1.01408592378 -1.6209817432
SENSOR 2 3.0349959581 0.307197125698
ODOMETRY -0.000206028015542 0.100097050614 0.00122219552996
SENSOR 8 4.47730873513 -1.08933708692
SENSOR 1 0.977458402036 -1.79104939149
SENSOR 2 2.7939870742 0.344183271835
ODOMETRY -0.000589698440506 0.100045946005 -1.26097962524e-05
SENSOR 8 4.31671160573 -1.13337841163
SENSOR 1 0.886564013958 -1.96817341764
SENSOR 2 2.8062997236 0.378866179691
ODOMETRY 0.000268189622775 0.099944716103 0.000225158589822
SENSOR 8 4.44217614349 -1.17703179109
SENSOR 1 1.00399386332 -1.97871776411
SENSOR 2 2.87352149613 0.402848100533
ODOMETRY -0.000740364779592 0.0999166193458 0.000304584312929
SENSOR 8 4.41002211254 -1.2055058086
SENSOR 1 1.20240484656 -2.09055794649
SENSOR 2 2.61257298591 0.400689815362
ODOMETRY -0.00093907783548 0.0999937264589 -0.000488136208846
SENSOR 8 4.28220992404 -1.22818070834
SENSOR 1 1.35806022311 -2.03308175218
SENSOR 2 2.41796456399 0.428960172356
ODOMETRY 0.000672986065937 0.0999170760041 9.59803128141e-05
SENSOR 8 4.22916152226 -1.1920443901
SENSOR 1 1.43456173466 -2.20151685421
SENSOR 2 2.54268409924 0.418576167122
ODOMETRY -0.000190086120117 0.0998500295775 -0.00120829073569
SENSOR 8 4.25479049036 -1.29393177827
SENSOR 1 1.3915222382 -2.32656801851
SENSOR 2 2.22979301015 0.456482047365
ODOMETRY 0.000473163132143 0.09995123511 -0.000781756651883
SENSOR 8 4.18161649136 -1.28816567381
SENSOR 1 1.3025278855 -2.3472367671
SENSOR 2 2.30576040901 0.369157306239
ODOMETRY -0.000559278187115 0.100028723409 9.13999205286e-06
SENSOR 8 4.17489666144 -1.34658482855
SENSOR 1 1.3978512621 -2.36482377797
SENSOR 2 2.11259117923 0.471244681669
SENSOR 7 5.05551177517 -0.919442363958
ODOMETRY 0.000257701615542 0.10004347626 -0.000159471500187
SENSOR 8 3.962669916 -1.30912369209
SENSOR 1 1.70916168099 -2.46045075948
SENSOR 2 2.02595774502 0.554005367169
SENSOR 3 4.7371187823 -0.173423905805
SENSOR 7 4.82701773051 -0.911583275309
ODOMETRY -0.000132246838171 0.100204785792 0.000451918927672
SENSOR 8 3.98259516004 -1.43618538277
SENSOR 1 1.79511416601 -2.47746949194
SENSOR 2 2.06053687043 0.463761690139
SENSOR 3 4.8224768036 -0.239591007404
SENSOR 7 4.77817974323 -1.00970624708
ODOMETRY 0.000547071844751 0.100153178582 -0.00035008972123
SENSOR 8 3.83264320308 -1.36158444573
SENSOR 1 1.80852245484 -2.51982496643
SENSOR 2 1.96102088098 0.610994481673
SENSOR 3 4.85211156128 -0.1489018205
SENSOR 7 4.71279477962 -0.937135174382
ODOMETRY -0.000479308539659 0.0998432674256 -0.000777162798183
SENSOR 8 3.98024682642 -1.42089195757
SENSOR 1 1.68616417487 -2.51982610203
SENSOR 2 1.84497621719 0.568224090854
SENSOR 3 4.61852185259 -0.195327764501
SENSOR 7 4.6199153731 -0.979883951883
ODOMETRY 5.14521975978e-05 0.0998424550095 -0.00128773957906
SENSOR 8 4.07638490671 -1.48596910761
SENSOR 1 2.10918785502 -2.53013604019
SENSOR 2 1.87374300045 0.596795933857
SENSOR 3 4.63925938223 -0.116829211894
SENSOR 7 4.74670921432 -1.04281914214
ODOMETRY 0.000828058608643 0.0998754656366 0.000718626272025
SENSOR 8 3.98430154528 -1.48232363932
SENSOR 1 1.95702304621 -2.53750111924
SENSOR 2 1.58489922833 0.698949835685
SENSOR 3 4.4671595916 -0.168854291814
SENSOR 7 4.52930108719 -1.12389445264
ODOMETRY -0.000158830047539 0.100032780056 -0.000437720533696
SENSOR 8 3.84481274007 -1.42332717446
SENSOR 1 1.79980984001 -2.58723622781
SENSOR 2 1.44542795818 0.621521479992
SENSOR 3 4.16016807253 -0.216426375373
SENSOR 7 4.49513851102 -1.01028497886
ODOMETRY 0.000133544385368 0.100021589888 0.00109303965336
SENSOR 8 4.07172862971 -1.54542949541
SENSOR 1 2.04327443852 -2.64266309511
SENSOR 2 1.62012370037 0.749575235679
SENSOR 3 4.2939412228 -0.211337985351
SENSOR 7 4.55765990908 -1.01012265001
ODOMETRY 0.000256984803676 0.100174110326 -7.36342307491e-05
SENSOR 8 4.06698092589 -1.56722255044
SENSOR 1 2.24512586768 -2.5437818487
SENSOR 2 1.37145664293 0.831882746959
SENSOR 3 4.22397677315 -0.235036227202
SENSOR 7 4.41926718082 -1.00471126329
ODOMETRY 0.00058192498751 0.0999391933134 -0.00023129046615
SENSOR 8 3.97991042562 -1.60690152056
SENSOR 1 2.35643859208 -2.67866850272
SENSOR 2 1.45749408492 0.830132685583
SENSOR 3 4.02815458891 -0.258831937496
SENSOR 7 4.42145324114 -1.10938279886
ODOMETRY 0.000696732375949 0.100156157706 -0.000584089998119
SENSOR 8 4.14607416122 -1.62652743084
SENSOR 1 2.4585060639 -2.62149672021
SENSOR 2 1.39609946002 0.827146029562
SENSOR 3 4.01022306014 -0.221408239995
SENSOR 7 4.26091719102 -1.12261197694
ODOMETRY 3.6215575313e-05 0.0999441653561 0.000171557215833
SENSOR 8 4.09025633382 -1.62902600145
SENSOR 1 2.36969383929 -2.76059077539
SENSOR 2 1.19862098202 1.02746191761
SENSOR 3 3.79856589715 -0.166995804924
SENSOR 7 4.28290107013 -1.22394878975
ODOMETRY -8.01303873469e-05 0.100119970896 0.000927184717075
SENSOR 8 4.07670842571 -1.65993610399
SENSOR 1 2.69624348373 -2.70745662616
SENSOR 2 1.27863825632 1.0228680341
SENSOR 3 3.69329884881 -0.310970841602
SENSOR 7 4.33458610704 -1.19229396722
ODOMETRY 0.000523456685193 0.100105137199 9.69165742264e-05
SENSOR 8 4.19218444921 -1.62918746421
SENSOR 1 2.56469838469 -2.73365039673
SENSOR 2 1.07742306684 1.02436797734
SENSOR 3 3.79502409217 -0.2864736654
SENSOR 7 4.23474402594 -1.08843934559
ODOMETRY 0.000760851469688 0.0999197195975 -0.000675084333497
SENSOR 8 3.97471624618 -1.67287700529
SENSOR 1 2.75006267624 -2.92186387986
SENSOR 2 1.07790545646 1.14460483582
SENSOR 3 3.65459543213 -0.30509704695
SENSOR 7 4.07939470262 -1.19849586955
ODOMETRY 0.0001776465883 0.100000660883 -0.000138153337743
SENSOR 8 4.04139703382 -1.80527111094
SENSOR 1 2.81682858649 -2.73778261664
SENSOR 2 1.01157732908 1.35009000631
SENSOR 3 3.43641149431 -0.177181332772
SENSOR 7 4.1134848859 -1.19890280774
ODOMETRY -9.54350459669e-05 0.100059958212 0.000505361195257
SENSOR 8 4.14771152129 -1.65785363504
SENSOR 1 2.97373538756 -2.76749218654
SENSOR 2 1.08572526299 1.27905533571
SENSOR 3 3.19721928714 -0.285485802808
SENSOR 7 4.30425329678 -1.23670399341
ODOMETRY -0.000425877997443 0.100165010148 0.000263981771762
SENSOR 8 4.0209837071 -1.67421338488
SENSOR 1 2.98678421634 -2.79971956357
SENSOR 2 1.01794738917 1.50929471669
SENSOR 3 3.17923741534 -0.348369090478
SENSOR 7 4.02065742023 -1.27095421415
ODOMETRY 6.98085102272e-05 0.0998571294686 0.000814819876331
SENSOR 8 3.94704456339 -1.84097040455
SENSOR 1 3.00070004218 -2.81153261862
SENSOR 2 1.11963656291 1.61697540263
SENSOR 3 3.16238211291 -0.347631273442
SENSOR 7 4.11202372197 -1.30111395385
ODOMETRY -4.66038294942e-05 0.100189586967 -5.21580102793e-05
SENSOR 8 4.01514296922 -1.96395215815
SENSOR 1 3.31125551661 -2.81890526713
SENSOR 2 1.08993866286 1.69673860324
SENSOR 3 3.16301966354 -0.29879355839
SENSOR 7 4.0697079487 -1.2813948975
ODOMETRY -1.1888042286e-05 0.0999378556007 0.000874157595222
SENSOR 8 4.2194758592 -1.87684781408
SENSOR 1 3.38916611019 -2.79022010215
SENSOR 2 0.953931009281 1.74716622466
SENSOR 3 2.97789976956 -0.385301687676
SENSOR 7 3.99090383462 -1.29098027348
ODOMETRY -0.000548398686482 0.0999074163285 -0.000586249282159
SENSOR 8 4.01544662734 -1.8776296021
SENSOR 1 3.58685644655 -2.88216804
SENSOR 2 1.09959994011 1.88380797133
SENSOR 3 3.10144999253 -0.263328469751
SENSOR 7 4.13471788936 -1.42326420591
ODOMETRY 0.000209771470498 0.0999383153862 0.000442898738476
SENSOR 8 4.11908889453 -1.84906255817
SENSOR 1 3.40262134444 -2.79577392772
SENSOR 2 0.98313589166 1.93949068611
SENSOR 3 2.76424553473 -0.353284737573
SENSOR 7 4.04514369826 -1.34914177025
ODOMETRY -0.000636488566826 0.0999395698257 0.000643908734646
SENSOR 8 4.26368708251 -1.95171561203
SENSOR 1 3.59611549468 -2.8643885436
SENSOR 2 1.25741341306 2.05874595093
SENSOR 3 2.62985116185 -0.340176489157
SENSOR 7 4.0715354283 -1.34078750934
ODOMETRY -0.000749506228593 0.0998919597135 0.000431194734685
SENSOR 8 4.21795338302 -1.92674399779
SENSOR 1 3.64715670833 -2.88849823757
SENSOR 2 1.15505103131 2.09289492551
SENSOR 3 2.52001295552 -0.472631064422
SENSOR 7 3.95528847465 -1.41585544885
ODOMETRY 0.000406907201319 0.0998586394002 4.54817335274e-05
SENSOR 8 4.36749740434 -2.0474823273
SENSOR 1 3.68174071666 -2.9201773312
SENSOR 2 1.22696609171 2.26296774635
SENSOR 3 2.41868212361 -0.336817224032
SENSOR 7 3.98911047334 -1.47028485405
ODOMETRY 0.00020261199028 0.0999232742711 -0.00079340859659
SENSOR 8 4.3737723756 -1.93110738924
SENSOR 1 3.8479658409 -2.96461382002
SENSOR 2 1.44650342879 2.19184285471
SENSOR 3 2.4378797797 -0.376196945898
SENSOR 7 3.99144004155 -1.53192738274
ODOMETRY 0.000476456640183 0.0999946391606 0.000673997332114
SENSOR 8 4.18501121114 -1.96001604794
SENSOR 1 3.94177735119 -2.84551297654
SENSOR 2 1.18038634345 2.41547551073
SENSOR 3 2.25386927139 -0.458608006904
SENSOR 7 4.01204561994 -1.48975256344
ODOMETRY 0.000136092271998 0.0999996467097 -0.000522848477433
SENSOR 8 4.40946468491 -2.02094252774
SENSOR 1 3.91922179189 -2.87072202395
SENSOR 2 1.44580310453 2.32508479098
SENSOR 3 2.15756119315 -0.424067573571
SENSOR 7 4.06104474419 -1.57224455589
ODOMETRY 0.000302269878199 0.0999353432319 0.000539895064198
SENSOR 8 4.5165550898 -2.00275541219
SENSOR 1 4.25083690758 -2.88476512783
SENSOR 2 1.59664742666 2.36949118143
SENSOR 3 2.18656915806 -0.37303565508
SENSOR 7 4.05007373159 -1.58049943139
ODOMETRY 0.00013361527452 0.100074513275 0.000560546767954
SENSOR 8 4.4359853347 -1.98886105814
SENSOR 1 4.34929216262 -2.84640872927
SENSOR 2 1.51357200054 2.46096763847
SENSOR 3 2.1177123351 -0.433574921219
SENSOR 7 3.63185364294 -1.65552297298
ODOMETRY -0.000748347401324 0.0999214044639 0.000183054107003
SENSOR 8 4.33976493299 -2.0786008695
SENSOR 1 4.26489841524 -2.98062522043
SENSOR 2 1.61966127202 2.46647468873
SENSOR 3 2.02261768412 -0.484039818089
SENSOR 7 4.09245647518 -1.63859759267
ODOMETRY 0.000428845906387 0.10008081915 0.000352531758719
SENSOR 8 4.66591979904 -2.11042811091
SENSOR 1 4.5400120979 -2.94675157545
SENSOR 2 1.66151980155 2.4772319982
SENSOR 3 1.69406105599 -0.528339655367
SENSOR 7 3.93440624897 -1.69607534156
ODOMETRY 0.000241280703103 0.100190717382 0.00021908908565
SENSOR 8 4.65394245626 -2.10046665109
SENSOR 1 4.6922590945 -2.8776113437
SENSOR 2 1.84720641205 2.51332375216
SENSOR 3 1.7878592279 -0.6464169453
SENSOR 7 4.08108369627 -1.67639330679
ODOMETRY -0.00119608488614 0.0998300419662 -0.000785692437084
SENSOR 8 4.77404605226 -2.08170107067
SENSOR 1 4.33976416105 -2.90292850512
SENSOR 2 1.88969783614 2.58825155721
SENSOR 3 1.73764363829 -0.49745195748
SENSOR 7 3.96406958388 -1.66060095497
ODOMETRY -0.000283673180471 0.0998692948249 -6.45801742076e-05
SENSOR 8 4.72928958355 -2.11808295378
SENSOR 1 4.85446874563 -2.96828803681
SENSOR 2 1.94629939838 2.61814643875
SENSOR 3 1.60770645745 -0.563753684955
SENSOR 7 3.89182668135 -1.78660920606
ODOMETRY -0.000182066224786 0.0998742815469 -0.000565724685502
SENSOR 8 4.66229866868 -2.20515623143
SENSOR 1 4.80809797253 -3.00294348241
SENSOR 2 2.13430608854 2.71645106462
SENSOR 3 1.376952877 -0.663110570535
SENSOR 7 3.8811618647 -1.8038777696
ODOMETRY 0.000446460674214 0.0998339319617 0.000172792242606
SENSOR 8 5.02546804585 -2.19510092046
SENSOR 1 5.01349268035 -2.96140277102
SENSOR 2 2.16725029068 2.71920290634
SENSOR 3 1.6217305118 -0.701135122275
SENSOR 7 3.94079630166 -1.73582055105
ODOMETRY -0.000192785040713 0.099962525761 -0.000198322747385
SENSOR 8 4.94083414559 -2.11537295171
SENSOR 9 4.91446231227 -0.887651756022
SENSOR 2 2.16197834316 2.69904984308
SENSOR 3 1.525427237 -0.711047076592
SENSOR 7 4.01530297276 -1.90341160103
ODOMETRY -0.00041677675012 0.0998935259811 -0.000185627166787
SENSOR 8 4.9944171849 -2.22316600512
SENSOR 9 4.91770926354 -0.875068268808
SENSOR 2 2.37108525182 2.63893274328
SENSOR 3 1.22148996766 -0.779993952297
SENSOR 7 4.05942517061 -1.80602776182
ODOMETRY -0.000504187302557 0.099935062112 -0.000102208043102
SENSOR 9 5.05113586384 -0.939362710755
SENSOR 2 2.42075573102 2.65401889272
SENSOR 3 1.40673857311 -0.792218436955
SENSOR 7 4.01097220078 -1.86268980877
ODOMETRY 0.00010208423308 0.10009595201 0.000112598536447
SENSOR 9 4.80175052631 -0.901315690154
SENSOR 2 2.53903797695 2.78425180019
SENSOR 3 1.21005538358 -0.947107299591
SENSOR 7 4.21526740137 -1.77072934034
ODOMETRY -0.000470079132191 0.100071592578 0.000364741934559
SENSOR 9 4.8930608011 -0.931458155021
SENSOR 2 2.49064672217 2.70820827557
SENSOR 3 1.1298112679 -0.927638881263
SENSOR 7 4.10863769033 -1.85570810456
ODOMETRY 0.000293614872845 0.0999543517986 0.000235684154045
SENSOR 9 4.78120287936 -0.931491845794
SENSOR 2 2.65158902922 2.74003752891
SENSOR 3 1.13696167911 -1.02091756573
SENSOR 7 4.14832981289 -1.93565577604
ODOMETRY -8.40851246277e-05 0.0999403556225 -0.000176595962094
SENSOR 9 4.57621416752 -0.993635910976
SENSOR 2 2.92434868722 2.7082657163
SENSOR 3 0.871667628237 -1.08932996938
SENSOR 7 4.2336588264 -1.9442154823
ODOMETRY -0.00962491243249 0.100226987653 -0.0205912870107
SENSOR 9 4.44837110071 -0.989307488326
SENSOR 2 2.8892743732 2.84845502425
SENSOR 3 0.891192383698 -1.23984271
SENSOR 7 4.24686986677 -1.92323203717
ODOMETRY -0.0102033452948 0.0998839630755 -0.0215571904424
SENSOR 9 4.51127976731 -0.965675234448
SENSOR 2 2.99371450745 2.84262811823
SENSOR 3 0.799137718613 -1.19111999767
SENSOR 7 4.34718168559 -1.87200596541
ODOMETRY -0.00860842707999 0.0998102570683 -0.0193391675193
SENSOR 9 4.45640142154 -0.978412228293
SENSOR 2 3.26617603062 2.8384001977
SENSOR 3 0.816222604143 -1.30597066763
SENSOR 7 4.2980455787 -1.89648658794
ODOMETRY -0.00956022288558 0.100150972292 -0.0200463224548
SENSOR 9 4.37573768277 -0.917844889679
SENSOR 2 3.317865598 2.95007305006
SENSOR 3 0.817247142217 -1.37869382939
SENSOR 7 4.09119325406 -1.94192716645
ODOMETRY -0.0103002834124 0.100007766723 -0.0197368000329
SENSOR 9 4.21811509958 -0.851878267922
SENSOR 2 3.18846120949 2.97202181201
SENSOR 3 1.13340957174 -1.46851281333
SENSOR 7 4.38585468217 -1.82603901749
ODOMETRY -0.0102831048513 0.10010953823 -0.0202530209795
SENSOR 9 4.26699097617 -0.944178359109
SENSOR 2 3.38023967491 3.01452503314
SENSOR 3 0.720668136763 -1.55711368901
SENSOR 7 4.33394842239 -1.91875382264
ODOMETRY -0.0105866501206 0.0999017879145 -0.0197382893367
SENSOR 9 4.22270883023 -0.860892437552
SENSOR 2 3.36042267996 3.01995506444
SENSOR 3 0.717148685032 -1.66529431909
SENSOR 7 4.43948581701 -1.84649833616
ODOMETRY -0.0113245534652 0.100123041114 -0.0190696769167
SENSOR 9 4.16843098657 -0.834433300637
SENSOR 2 3.51256815216 2.97921133252
SENSOR 3 0.834830514938 -1.73903910734
SENSOR 7 4.28359501376 -1.86953074931
ODOMETRY -0.00971082754926 0.100025950554 -0.0198211377492
SENSOR 9 4.02856295399 -0.968273518321
SENSOR 2 3.63658640677 3.12915861055
SENSOR 3 0.734021188267 -1.75470305372
SENSOR 7 4.54650380966 -1.76609368488
ODOMETRY -0.010589475487 0.10010496938 -0.0199922914546
SENSOR 9 3.91015885795 -0.869086963006
SENSOR 2 3.87255632648 3.16604194771
SENSOR 3 0.865196059921 -1.86949836389
SENSOR 7 4.51133867781 -1.81430214087
ODOMETRY -0.00946128189441 0.0997349532468 -0.0199718063448
SENSOR 9 3.82613593432 -0.874876680077
SENSOR 2 3.83879660579 -3.13229830775
SENSOR 3 1.06514315073 -1.87293500873
SENSOR 7 4.56299343999 -1.75934253741
ODOMETRY -0.00979951516687 0.0997189457445 -0.0206080614093
SENSOR 9 4.12881342913 -0.867651605124
SENSOR 2 4.0288094419 -3.2276561161
SENSOR 3 0.901200006923 -2.03251122022
SENSOR 7 4.62001856502 -1.8309460386
ODOMETRY -0.00943323576827 0.100124414548 -0.0203296697597
SENSOR 9 3.70232136893 -0.94416511906
SENSOR 2 3.98368634906 -3.07682994555
SENSOR 3 0.899772694406 -2.09221030348
SENSOR 7 4.46139118814 -1.86311006595
ODOMETRY -0.0100890424076 0.0999779958111 -0.0198161117798
SENSOR 9 3.7518939771 -0.918292146011
SENSOR 2 4.21633761598 -3.02832665334
SENSOR 3 1.18763314519 -2.0979866523
SENSOR 7 4.57848442895 -1.89875432575
ODOMETRY -0.00985362326451 0.100067538531 -0.0193174898999
SENSOR 9 3.59551880688 -0.808067235008
SENSOR 2 4.17678928397 -2.9234396319
SENSOR 3 1.07794432908 -2.21510076284
SENSOR 7 4.51763234841 -1.82762500095
ODOMETRY -0.0106424165584 0.0998962699375 -0.0193739099135
SENSOR 9 3.54948085637 -0.797013500387
SENSOR 2 4.28131949654 -2.97537943488
SENSOR 3 1.24246440412 -2.3096004705
SENSOR 7 4.5411888941 -1.80078211601
ODOMETRY -0.0104250459457 0.100075632863 -0.0188431839508
SENSOR 9 3.48168308597 -0.705073049043
SENSOR 2 4.51016536991 -2.85015444599
SENSOR 3 1.17397867689 -2.26384820849
SENSOR 7 4.58368921745 -1.81442387473
ODOMETRY -0.0101771473921 0.100011050735 -0.0196083731561
SENSOR 9 3.53348326087 -0.784447831034
SENSOR 2 4.52117731575 -2.89659106551
SENSOR 3 1.39890586374 -2.14286560722
SENSOR 7 4.76172397197 -1.82219242799
ODOMETRY -0.0101785548489 0.100004838788 -0.0202689362584
SENSOR 9 3.44733618805 -0.725368623109
SENSOR 2 4.69146013992 -2.87115134275
SENSOR 3 1.50765435383 -2.22245197353
SENSOR 7 4.48642435312 -1.84876318884
ODOMETRY -0.0091227397028 0.0999924972858 -0.0181685651638
SENSOR 9 3.22534891044 -0.724699872244
SENSOR 2 4.82403976411 -2.9345124872
SENSOR 3 1.40944143312 -2.41378091735
SENSOR 7 4.61353587116 -1.78898785581
ODOMETRY -0.00990767375964 0.0999963798923 -0.0204463659192
SENSOR 9 3.2978264557 -0.848937354757
SENSOR 2 4.79210487087 -2.88027569823
SENSOR 3 1.57460267827 -2.35009049783
SENSOR 7 4.86239210585 -1.68728512464
ODOMETRY -0.0105209157752 0.100056520755 -0.0199923529952
SENSOR 9 3.11237333983 -0.828608726065
SENSOR 2 5.1348537585 -2.83576534622
SENSOR 3 1.7099726366 -2.2858612058
SENSOR 7 4.90049538427 -1.78150085169
ODOMETRY -0.010155344285 0.100089786643 -0.0198085659559
SENSOR 9 2.99996691085 -0.765112595878
SENSOR 3 1.6542766528 -2.40104297088
SENSOR 7 4.68837972288 -1.72827448368
ODOMETRY -0.00967291193757 0.100124175068 -0.0205587676625
SENSOR 9 2.99807347078 -0.696237174014
SENSOR 3 1.7267487227 -2.3662440395
SENSOR 7 4.7350984348 -1.75139975295
ODOMETRY -0.0101662059319 0.100228934457 -0.0199252685348
SENSOR 9 3.15312197773 -0.769591095276
SENSOR 3 1.73627144755 -2.31623144182
SENSOR 7 5.06411728014 -1.71705818396
ODOMETRY -0.0107211355799 0.0999927335192 -0.020501983192
SENSOR 9 2.86278392437 -0.743762595525
SENSOR 3 1.84695799822 -2.43783547802
SENSOR 7 5.07231532054 -1.68808003478
ODOMETRY -0.00979459746259 0.100025076699 -0.0197251786846
SENSOR 9 2.82075829413 -0.688148179119
SENSOR 3 2.02116189813 -2.39856289262
SENSOR 7 4.91405340171 -1.71247547809
ODOMETRY -0.00880991332931 0.0997863392491 -0.0197458769482
SENSOR 9 2.83728718149 -0.703540952524
SENSOR 3 1.93000650123 -2.36970627286
SENSOR 7 4.79347993043 -1.6329273271
ODOMETRY -0.0100580444163 0.10021748682 -0.0200095441708
SENSOR 9 2.51641560778 -0.756300137634
SENSOR 3 2.09607292645 -2.38526777678
SENSOR 7 5.06835478059 -1.72475485601
ODOMETRY -0.0104281508158 0.10000140247 -0.0199377152457
SENSOR 9 2.45948289837 -0.76021264418
SENSOR 3 2.06522117309 -2.33318420312
SENSOR 7 4.84613918824 -1.61007685337
ODOMETRY -0.0097623943034 0.0999813928244 -0.0206369980195
SENSOR 9 2.57479230149 -0.632819077978
SENSOR 3 2.177346285 -2.42626146831
SENSOR 7 5.05551333216 -1.69863156486
ODOMETRY -0.00975220094369 0.100042185698 -0.0200047749536
SENSOR 9 2.5074325001 -0.609410447289
SENSOR 3 2.3010604256 -2.35179262067
SENSOR 7 4.90749675187 -1.70419293696
ODOMETRY -0.00927676045743 0.100208064048 -0.0191796860605
SENSOR 9 2.41626913018 -0.724594121384
SENSOR 3 2.52272282794 -2.4239408799
SENSOR 7 4.70640264651 -1.63618162589
ODOMETRY -0.0099067860188 0.0998711486494 -0.0194012350076
SENSOR 9 2.24529394017 -0.685502521964
SENSOR 3 2.31844097149 -2.42828855555
SENSOR 7 4.95528000197 -1.57288604154
ODOMETRY -0.00983384980744 0.0999224766995 -0.0204305528243
SENSOR 9 2.18268166452 -0.647873105786
SENSOR 3 2.60693896315 -2.37482011041
SENSOR 7 4.87407767625 -1.66971167459
ODOMETRY -0.0102628286794 0.0997605730161 -0.0210500632473
SENSOR 9 2.15683089899 -0.642555173461
SENSOR 3 2.6756869293 -2.29039615081
SENSOR 7 5.11674482285 -1.47951929626
ODOMETRY -0.0101962211399 0.099836539792 -0.0188237479265
SENSOR 9 1.9915555629 -0.605343778173
SENSOR 3 2.8321255953 -2.36581198314
SENSOR 7 4.93146123799 -1.5890166699
ODOMETRY -0.0109072611821 0.100057984487 -0.0199246493126
SENSOR 9 2.05060986776 -0.812359999266
SENSOR 3 2.89469192638 -2.33538439474
SENSOR 7 5.06379731865 -1.57967642574
ODOMETRY -0.0110088218391 0.10014697699 -0.0202732496012
SENSOR 9 1.9855033654 -0.729611380785
SENSOR 3 2.808098691 -2.40456966848
SENSOR 7 5.00506879142 -1.52174912725
ODOMETRY -0.0097077990525 0.100157141283 -0.0214692363299
SENSOR 9 1.85666944851 -0.732607970484
SENSOR 3 3.15325419611 -2.35565991968
SENSOR 7 4.77716786006 -1.61242538926
ODOMETRY -0.00981948245873 0.0999149565253 -0.020711936978
SENSOR 9 1.66695280875 -0.677940267447
SENSOR 3 2.93583551959 -2.29721883235
SENSOR 7 4.77792363509 -1.55059855566
ODOMETRY -0.00992896039159 0.0998189682803 -0.0204511862369
SENSOR 9 1.71819656468 -0.707245929411
SENSOR 3 3.02406315637 -2.3968858507
SENSOR 7 4.90173372979 -1.65060778383
ODOMETRY -0.00884110158486 0.100015505449 -0.0206146468981
SENSOR 9 1.70981171667 -0.684234093975
SENSOR 3 3.16299858885 -2.37554434755
SENSOR 7 5.05446186142 -1.55954853363
ODOMETRY -0.0102024861503 0.10032005589 -0.0183984058531
SENSOR 9 1.48285099536 -0.732863940447
SENSOR 3 3.24066838872 -2.3472192049
SENSOR 7 5.02189688945 -1.52629273662
ODOMETRY -0.0095354970248 0.100025384548 -0.0207858100942
SENSOR 9 1.46150131465 -0.767666096771
SENSOR 3 3.22029667183 -2.36535752613
SENSOR 7 4.84479242128 -1.46298563412
ODOMETRY -0.00906969760687 0.099796851015 -0.0208710090182
SENSOR 9 1.53472735309 -0.701353506585
SENSOR 3 3.30563763836 -2.28920291979
SENSOR 7 5.08447465054 -1.48707316086
ODOMETRY -0.00996926665775 0.100146565387 -0.018774822561
SENSOR 9 1.27538476788 -0.825565964241
SENSOR 3 3.52081304084 -2.35140411346
SENSOR 7 4.9713536015 -1.50506099629
ODOMETRY -0.00982937584718 0.100296415285 -0.0202122708831
SENSOR 9 1.28245800998 -0.820894690375
SENSOR 3 3.61786607428 -2.28348332028
SENSOR 7 4.72683380487 -1.5245034595
ODOMETRY -0.00967296493409 0.100095993623 -0.0208377359394
SENSOR 9 1.22717122688 -0.834555116798
SENSOR 3 3.46599411335 -2.26643278842
SENSOR 7 4.77048897684 -1.61915796579
ODOMETRY -0.00983012240915 0.100048682167 -0.0200418409326
SENSOR 9 1.21052101312 -0.846681880547
SENSOR 3 3.70451197871 -2.25861912203
SENSOR 7 5.07806532139 -1.49123903126
ODOMETRY -0.00930456459578 0.100071988622 -0.0204347040085
SENSOR 9 1.12120365478 -0.935390860361
SENSOR 3 3.58620574347 -2.27331836708
SENSOR 7 4.76861242282 -1.53629792407
ODOMETRY 0.000468699390922 0.0998304456128 -2.5849995276e-05
SENSOR 9 1.14054428171 -0.998313577557
SENSOR 3 3.55052396622 -2.27149420334
SENSOR 6 4.97342840955 -0.481153301138
SENSOR 7 4.93140206369 -1.5097071492
ODOMETRY -0.000306172617703 0.0998659733612 0.00088045160042
SENSOR 9 0.908943386111 -1.05078434189
SENSOR 3 3.92854556221 -2.37317280336
SENSOR 6 4.65017824828 -0.48503026696
SENSOR 7 4.82256937785 -1.46085672931
ODOMETRY 6.35865396476e-05 0.100145996251 0.000825376841077
SENSOR 9 0.827243169323 -1.09325181967
SENSOR 3 3.73413074447 -2.37141305415
SENSOR 6 4.78905396728 -0.408920738147
SENSOR 7 4.99209306977 -1.55682191086
ODOMETRY 0.000201838205791 0.100136187552 -0.00014387330981
SENSOR 9 0.854965120184 -1.30243719417
SENSOR 3 4.08986785793 -2.31375803278
SENSOR 6 4.49746631975 -0.415197960969
SENSOR 7 4.91878504334 -1.53841931157
ODOMETRY 0.000309566514052 0.099997143531 0.000424327411615
SENSOR 9 0.829574081247 -1.34777510094
SENSOR 3 3.99649915462 -2.37661430213
SENSOR 6 4.86215564276 -0.354259931521
SENSOR 7 5.17293988297 -1.61785902826
ODOMETRY -0.000499775865667 0.0998879891969 -0.000202950445095
SENSOR 9 0.926234276526 -1.50863813963
SENSOR 3 4.06561199195 -2.33294732347
SENSOR 6 4.52518969077 -0.459458859882
SENSOR 7 4.90713478296 -1.6534950895
ODOMETRY 0.000159821856273 0.0999413115697 0.000165823443296
SENSOR 9 0.798977474978 -1.61450594503
SENSOR 3 4.24005259522 -2.48339290405
SENSOR 6 4.37753199658 -0.439993648344
SENSOR 7 4.78729857286 -1.52285334952
ODOMETRY 0.000239336090803 0.100024339541 -0.000702745140684
SENSOR 9 0.85153318303 -1.74081822727
SENSOR 3 4.19445086514 -2.41078939754
SENSOR 6 4.3332692815 -0.5738717181
SENSOR 7 4.82886107215 -1.58958533264
ODOMETRY 0.000302502313308 0.0999098702903 -0.000677343238
SENSOR 9 1.00720101453 -1.80629458243
SENSOR 3 4.35581118198 -2.52872962107
SENSOR 6 4.26273136747 -0.561343932255
SENSOR 7 4.90576859962 -1.57561915161
ODOMETRY -0.000113543700968 0.0999631337801 5.71158197463e-05
SENSOR 9 0.926859129886 -2.02052805263
SENSOR 3 4.5099200538 -2.5031268995
SENSOR 6 4.1118649023 -0.581633953961
SENSOR 7 4.76898001883 -1.59231791735
ODOMETRY -0.000339024488948 0.100009711461 2.26344713328e-05
SENSOR 9 1.01426369829 -2.06024600625
SENSOR 3 4.50108503541 -2.50066382553
SENSOR 6 4.10077035421 -0.552157899173
SENSOR 7 4.90578246686 -1.60737195764
ODOMETRY -0.000504457264396 0.100013657645 -0.000177576169986
SENSOR 9 0.887211360034 -2.18963300619
SENSOR 3 4.5749440351 -2.48258346425
SENSOR 6 3.90635999301 -0.524342529557
SENSOR 7 4.99010419492 -1.6897455089
ODOMETRY 0.000243302162545 0.100124792442 0.000564451310213
SENSOR 9 0.950336814138 -2.20135217535
SENSOR 3 4.64575251122 -2.45474381848
SENSOR 6 3.94194574093 -0.493874197364
SENSOR 7 5.01810231369 -1.75192836429
ODOMETRY -0.000738312989045 0.100017614324 0.000452576665471
SENSOR 9 1.24742332493 -2.3761257833
SENSOR 3 4.78533958114 -2.48110189333
SENSOR 6 3.83981394901 -0.473736803464
SENSOR 7 4.94028734088 -1.67119507241
ODOMETRY -0.000158281123923 0.100057519587 8.25146303648e-05
SENSOR 9 1.25516136996 -2.38310746911
SENSOR 3 4.67629555186 -2.57984253808
SENSOR 6 3.58479173705 -0.552269803889
SENSOR 7 5.04082293108 -1.86475241589
ODOMETRY -0.000421693045302 0.100088421092 -0.000583909844015
SENSOR 9 1.30043780911 -2.42814444723
SENSOR 3 4.77942694559 -2.51108430416
SENSOR 6 3.7036104257 -0.594306761593
SENSOR 7 5.20342066846 -1.82597751664
ODOMETRY -0.000492703155817 0.0998767019988 -0.000399546911055
SENSOR 9 1.50701523022 -2.40519251821
SENSOR 3 4.97415244053 -2.57426809268
SENSOR 6 3.73937872599 -0.646973765524
SENSOR 7 5.04630156868 -1.81126053621
ODOMETRY -0.000686941708413 0.100091264802 -0.000646733220067
SENSOR 9 1.53949734641 -2.56047560031
SENSOR 6 3.54771183278 -0.554710714875
ODOMETRY 0.000264360795126 0.0999909746645 -0.000504895193083
SENSOR 9 1.51238925612 -2.52278575906
SENSOR 6 3.27990661032 -0.58279346945
ODOMETRY -1.55641718837e-05 0.100163521473 -0.000133745408038
SENSOR 9 1.5098952529 -2.57185137154
SENSOR 6 3.39256354505 -0.708652206512
ODOMETRY -0.00944281048405 0.0998363016919 -0.0197064530302
SENSOR 9 1.7405212542 -2.61856151363
SENSOR 6 3.4449354883 -0.653656313882
ODOMETRY -0.00982171572374 0.0999283940399 -0.0201816524328
SENSOR 9 1.65301995925 -2.56952419519
SENSOR 6 3.02584430907 -0.625348664803
ODOMETRY -0.011467407889 0.100278553593 -0.0200899025046
SENSOR 9 1.84416645507 -2.56385985305
SENSOR 6 3.02960198478 -0.517486552302
ODOMETRY -0.00949998918607 0.100016536484 -0.0192452653175
SENSOR 9 1.83946050295 -2.63003003289
SENSOR 6 3.00582309666 -0.577468671279
ODOMETRY -0.00998770181841 0.100041220527 -0.0210200884984
SENSOR 9 2.1231956515 -2.5712329806
SENSOR 6 2.72060090136 -0.611342981081
ODOMETRY -0.0104435233728 0.100064843828 -0.0209923840156
SENSOR 9 2.2533253491 -2.51358315181
SENSOR 6 2.76502567229 -0.610392844017
ODOMETRY -0.0101773588174 0.100165429114 -0.0197769867168
SENSOR 9 2.27395359652 -2.62138399446
SENSOR 6 2.81928646279 -0.499702125893
ODOMETRY -0.00963806206216 0.100194140395 -0.0202377586004
SENSOR 9 2.19331599608 -2.58825731994
SENSOR 6 2.6367644419 -0.585514977039
ODOMETRY -0.00969850517913 0.100084649032 -0.0200844906424
SENSOR 9 2.38239873462 -2.51826314964
SENSOR 6 2.55584502849 -0.617585417568
ODOMETRY -0.009760488778 0.100025282561 -0.0212037030791
SENSOR 9 2.55229313835 -2.55940451124
SENSOR 6 2.63729703758 -0.564546146269
ODOMETRY -0.00901024455226 0.0999822225335 -0.0203196475783
SENSOR 9 2.542229302 -2.53541280471
SENSOR 6 2.27227869215 -0.573875753025
ODOMETRY -0.00961564138041 0.0999414405798 -0.0204022645065
SENSOR 9 2.70341312756 -2.48331655508
SENSOR 6 2.28488250206 -0.552514217678
ODOMETRY -0.00990457116932 0.100026465638 -0.0207767178837
SENSOR 9 2.56436735907 -2.50931464148
SENSOR 6 2.08017880027 -0.487502087503
ODOMETRY -0.00998320897741 0.0999813680912 -0.0199150821834
SENSOR 9 2.658209228 -2.52967300837
SENSOR 6 2.08742861878 -0.468280843216
ODOMETRY -0.0107252267638 0.10021159563 -0.0192940861751
SENSOR 9 2.79062572373 -2.51801590567
SENSOR 6 1.98134535694 -0.51239911617
ODOMETRY -0.00931898482752 0.0998313946401 -0.0195045943639
SENSOR 9 2.97631712843 -2.59124598555
SENSOR 6 1.83278194557 -0.45058413267
ODOMETRY -0.0102760318389 0.0999106615633 -0.0196442889398
SENSOR 9 3.00538927132 -2.47582875838
SENSOR 5 4.86844686309 -0.644513040378
SENSOR 6 1.75818612283 -0.557237052247
ODOMETRY -0.0104218597473 0.100145397313 -0.0200408029886
SENSOR 9 3.06790211886 -2.40968598481
SENSOR 5 4.81572738233 -0.616401204908
SENSOR 6 1.68748831042 -0.389912308279
ODOMETRY -0.0101350745755 0.100091285908 -0.0206119427088
SENSOR 9 3.05939885103 -2.42259296594
SENSOR 5 4.85625275968 -0.554387962083
SENSOR 6 1.69976007626 -0.4523568891
ODOMETRY -0.0112125747693 0.100293480859 -0.0200290197221
SENSOR 9 3.36060085358 -2.4353356474
SENSOR 5 4.60467409396 -0.689671837769
SENSOR 6 1.66466459286 -0.434947234979
ODOMETRY -0.00936003709598 0.0997788840301 -0.0195655025372
SENSOR 9 3.24434042861 -2.50085985671
SENSOR 5 4.44097432373 -0.539545027585
SENSOR 6 1.44534873942 -0.340798495725
ODOMETRY -0.0105609095644 0.100090264715 -0.0197529740061
SENSOR 9 3.43181578801 -2.38831289505
SENSOR 5 4.47137535155 -0.631269209482
SENSOR 6 1.26851574319 -0.398939844547
ODOMETRY -0.0107658587575 0.0999709096433 -0.0195658499488
SENSOR 9 3.50551920675 -2.39732140232
SENSOR 5 4.28281556549 -0.589616154158
SENSOR 6 1.28831954512 -0.513359363001
ODOMETRY -0.0101758354185 0.10002526256 -0.0193481524309
SENSOR 9 3.67081338849 -2.3789885528
SENSOR 5 4.40168128717 -0.489968693872
SENSOR 6 1.19631205076 -0.512575604526
ODOMETRY -0.0110076328184 0.100028655375 -0.0196243037287
SENSOR 9 3.62146176736 -2.30271042095
SENSOR 5 4.18233806232 -0.556833847024
SENSOR 6 1.01671369638 -0.459323796962
ODOMETRY -0.00955580720005 0.0998135945322 -0.0197517141062
SENSOR 9 3.70417031979 -2.34473876598
SENSOR 5 4.17062919093 -0.570876489648
SENSOR 6 0.923913647873 -0.520206587019
ODOMETRY -0.0091535851559 0.100020863652 -0.0201880877397
SENSOR 9 3.69578950794 -2.41413549551
SENSOR 5 4.00110518645 -0.494969326567
SENSOR 6 0.964762619449 -0.53458348217
ODOMETRY -0.010295675802 0.100004015507 -0.0189695088639
SENSOR 9 3.69844459713 -2.31420630353
SENSOR 5 3.93813832417 -0.404459278547
SENSOR 6 0.762339598312 -0.528477333035
ODOMETRY -0.00986627304745 0.0999308954255 -0.0194932169016
SENSOR 9 3.97863915035 -2.33817010298
SENSOR 5 3.91815869731 -0.375382277621
SENSOR 6 0.764457865234 -0.692422479677
ODOMETRY -0.0105039330611 0.100062635978 -0.0196007510172
SENSOR 9 3.99049095935 -2.43100832721
SENSOR 5 3.84981410268 -0.339858112469
SENSOR 6 0.670707796904 -0.627865459926
ODOMETRY -0.0102670061231 0.100220134545 -0.0197649412615
SENSOR 9 3.97444895632 -2.34925609157
SENSOR 5 3.77657198716 -0.365748954501
SENSOR 6 0.724620745167 -0.68784406447
ODOMETRY -0.00978517807132 0.0997958111892 -0.0209122965862
SENSOR 9 4.03143217141 -2.26626563102
SENSOR 5 3.46349133261 -0.34264365269
SENSOR 6 0.475188697577 -0.867727704814
ODOMETRY -0.0108972815108 0.0998936621075 -0.0198820412631
SENSOR 9 4.23985887378 -2.26854947811
SENSOR 5 3.41389965628 -0.282744929273
SENSOR 6 0.627709996436 -0.94148755275
ODOMETRY -0.0092026691367 0.0998946022284 -0.0202789115158
SENSOR 9 4.11518464247 -2.31925173137
SENSOR 5 3.37747667925 -0.382887053434
SENSOR 6 0.347854511055 -1.06521018247
ODOMETRY -0.00964561978411 0.0999128007624 -0.0203232411783
SENSOR 9 4.2592528018 -2.25631821864
SENSOR 5 3.48949092568 -0.316251464921
SENSOR 6 0.418415784686 -1.24819855562
ODOMETRY -0.0090889765955 0.100078317535 -0.0208387649645
SENSOR 9 4.38985383683 -2.35866286668
SENSOR 5 3.28107289655 -0.276801161352
SENSOR 6 0.520377085458 -1.46790593847
ODOMETRY -0.00947836960967 0.0999378658775 -0.0205443341273
SENSOR 9 4.49482605041 -2.26889815025
SENSOR 5 3.15258240035 -0.336438423951
SENSOR 6 0.430980850097 -1.70329062466
ODOMETRY -0.00935420041505 0.100110622918 -0.0200634654475
SENSOR 9 4.56500399918 -2.3031466037
SENSOR 5 2.91571056826 -0.232623268414
SENSOR 6 0.330244890906 -1.90953716454
ODOMETRY -0.010269880911 0.100061171307 -0.0197644075107
SENSOR 9 4.69167462854 -2.22658998309
SENSOR 5 3.08433569089 -0.337143319208
SENSOR 6 0.554762750925 -2.10973524603
ODOMETRY -0.00999199793928 0.0999665305154 -0.0202757591957
SENSOR 9 4.76284132902 -2.15126005988
SENSOR 5 2.95938070311 -0.158178168659
SENSOR 6 0.549503125028 -2.27808301514
ODOMETRY -0.00986005097223 0.100173854445 -0.0189859725838
SENSOR 9 4.62199069994 -2.18236767895
SENSOR 5 2.88364841405 -0.211583718625
SENSOR 6 0.608371630443 -2.36582694156
ODOMETRY -0.0101721448458 0.0998079193853 -0.0198301989047
SENSOR 9 4.6158486866 -2.14373953498
SENSOR 5 2.58243352082 -0.200858606282
SENSOR 6 0.747480535627 -2.41041090005
ODOMETRY -0.0103893957533 0.0999764229641 -0.0201432882674
SENSOR 9 4.86345125952 -2.16850372828
SENSOR 5 2.53715647378 -0.0219189488566
SENSOR 6 0.638025009019 -2.44082398988
ODOMETRY -0.0110796247981 0.100123354178 -0.0203009558875
SENSOR 9 4.80447773758 -2.11401632864
SENSOR 5 2.52598129404 -0.147975261228
SENSOR 6 0.774158398614 -2.52392662998
ODOMETRY -0.0105396114623 0.100008052618 -0.0201317969487
SENSOR 9 4.92716774584 -2.183105981
SENSOR 5 2.5239692479 -0.10125627604
SENSOR 6 0.898459257994 -2.5942905006
ODOMETRY -0.0101753448007 0.100002913472 -0.0206574320107
SENSOR 9 5.01194140521 -2.08598842578
SENSOR 5 2.42112473613 -0.0714350873771
SENSOR 6 0.878381860102 -2.66964579914
ODOMETRY -0.0103462997287 0.0999423849927 -0.0195755267881
SENSOR 5 2.23964032564 -0.0586867747141
SENSOR 6 1.24988717446 -2.58043089475
ODOMETRY -0.0107865547639 0.10003293752 -0.0196069887085
SENSOR 5 1.94979000746 -0.0453900849002
SENSOR 6 1.290168152 -2.6828250479
ODOMETRY -0.0108544957486 0.100230199128 -0.0189367396772
SENSOR 5 2.22911731184 -0.00122688508787
SENSOR 6 1.21205806069 -2.64632589698
ODOMETRY -0.00993341143727 0.0999418232338 -0.0202662925326
SENSOR 4 4.99272912579 -0.274166164371
SENSOR 5 1.81092330137 0.0761110639692
SENSOR 6 1.36882473059 -2.60089763233
ODOMETRY -0.0104826202942 0.0999751788151 -0.0191967893743
SENSOR 4 4.69854535708 -0.223485928377
SENSOR 5 1.7001461128 0.0429298228702
SENSOR 6 1.30623051674 -2.58399330818
ODOMETRY 0.000324810885789 0.0998821776257 -0.000359989641411
SENSOR 4 5.09005860279 -0.233743736727
SENSOR 5 1.58907104446 0.12166808225
SENSOR 6 1.50018263441 -2.63967144455
ODOMETRY -0.000418164888098 0.0999656435967 -3.68260681419e-05
SENSOR 4 4.74946984204 -0.126245943621
SENSOR 5 1.55519072464 0.0805634344737
SENSOR 6 1.63437464886 -2.74620564163
ODOMETRY 0.000475115856201 0.100024313407 0.000393598981251
SENSOR 4 4.50322759327 -0.208257404441
SENSOR 5 1.40431609203 0.102953443634
SENSOR 6 1.92474673868 -2.70532942045
SENSOR 7 4.8035115893 -1.34951568347
ODOMETRY -8.36142030851e-05 0.0998721448335 -0.000260661559938
SENSOR 4 4.36260790638 -0.247754318384
SENSOR 5 1.47019886492 0.0682113654816
SENSOR 6 1.77940808395 -2.71217766237
SENSOR 7 5.2180857839 -1.31953374687
ODOMETRY 0.000197959165217 0.100131767346 0.000281610671693
SENSOR 4 4.44601043546 -0.326392394425
SENSOR 5 1.19003310152 0.115920050334
SENSOR 6 2.05288544044 -2.83359564739
SENSOR 7 4.97368047041 -1.40535275082
ODOMETRY -0.000164122759813 0.0999543664159 -0.000303793093368
SENSOR 4 4.42845729357 -0.199738979168
SENSOR 5 1.17917386982 0.18688342145
SENSOR 6 1.9596965856 -2.82416076788
SENSOR 7 4.92694129534 -1.35478197562
ODOMETRY 0.000333398378648 0.0999246910299 -0.000238132530679
SENSOR 4 4.10993462238 -0.218612334131
SENSOR 5 1.02261696425 0.152968841424
SENSOR 6 2.17175440342 -2.77569049944
SENSOR 7 4.9569182734 -1.483064888
ODOMETRY 0.000655493141672 0.100066766391 0.000616803666521
SENSOR 4 3.89656801687 -0.154099643488
SENSOR 5 0.905689372217 0.172402059922
SENSOR 6 2.13167650164 -2.75783273628
SENSOR 7 4.8549234685 -1.39334612816
ODOMETRY -0.000159452291233 0.100045036471 0.000808106642051
SENSOR 4 3.94173958574 -0.302887305467
SENSOR 5 1.14270798286 0.168760719018
SENSOR 6 2.18631073434 -2.81520889899
SENSOR 7 5.10636542466 -1.4209085397
ODOMETRY 0.00078211331779 0.10000393139 0.000293823867121
SENSOR 4 3.90151568357 -0.230804046777
SENSOR 5 0.712985585874 0.132988889564
SENSOR 6 2.15622970424 -2.85121206477
SENSOR 7 4.91179352895 -1.43675629418
ODOMETRY -0.000245429391129 0.0999070378738 4.52120481994e-05
SENSOR 4 3.64288246527 -0.35019983237
SENSOR 5 0.799736995544 0.23802034997
SENSOR 6 2.48255730306 -2.88618660948
SENSOR 7 4.91606982523 -1.51036160945
ODOMETRY -0.000170601987707 0.0999805604304 -7.40939785008e-05
SENSOR 4 3.60050259878 -0.29206119154
SENSOR 5 0.456888182182 0.189816312354
SENSOR 6 2.6445990428 -2.85742387613
SENSOR 7 4.75304634682 -1.42550073299
ODOMETRY -0.00152630081795 0.0999133992614 -0.000430283518585
SENSOR 4 3.606832886 -0.248641284229
SENSOR 5 0.495940573578 0.31820180197
SENSOR 6 2.62200407047 -2.87985859301
SENSOR 7 4.75456323488 -1.62447424499
ODOMETRY -0.000217759654145 0.100001221848 -2.15306964727e-05
SENSOR 4 3.59697409395 -0.279183028245
SENSOR 5 0.480705021357 0.34438043649
SENSOR 6 2.63552269525 -2.87953212119
SENSOR 7 4.92559449029 -1.53430624815
ODOMETRY -0.000482506428273 0.0999122174435 -0.000580035297792
SENSOR 4 3.47586551117 -0.349238295616
SENSOR 5 0.220999951716 0.388622010704
SENSOR 6 2.82004661589 -2.92802181092
SENSOR 7 4.82070833488 -1.58213543982
ODOMETRY -0.000139550189593 0.100064120469 -2.76254777159e-05
SENSOR 4 3.36308480601 -0.338986772029
SENSOR 5 0.444200909715 0.716185023584
SENSOR 6 2.87114105271 -2.87495975842
SENSOR 7 5.00458709072 -1.58257275001
ODOMETRY 0.000625023111235 0.100033704567 0.000788974348719
SENSOR 4 3.13679295783 -0.355723706289
SENSOR 5 0.132273645824 1.00432805138
SENSOR 6 3.04078654628 -2.86651045039
SENSOR 7 4.91504091129 -1.62691182927
ODOMETRY -0.000430603052429 0.100031372434 -0.000194224656002
SENSOR 4 2.89257924978 -0.261154689677
SENSOR 5 0.0869154821736 1.57743143981
SENSOR 6 2.90779553154 -2.87205172826
SENSOR 7 4.87504647749 -1.67682352072
ODOMETRY -0.000394366473818 0.0999652691747 0.000203739446394
SENSOR 4 2.95060694926 -0.40938842696
SENSOR 5 0.187834365445 2.26857479846
SENSOR 6 3.31126955451 -2.92453711135
SENSOR 7 5.00762306838 -1.62193179913
ODOMETRY 0.000188872633703 0.0998900920204 -0.000404695062714
SENSOR 4 2.71804063576 -0.263896340835
SENSOR 5 0.117592609818 2.55977634237
SENSOR 6 3.49353272518 -2.94938522616
SENSOR 7 4.88923424474 -1.71729987801
ODOMETRY 0.000463123137535 0.100026190262 -0.000467923097136
SENSOR 4 2.79334888537 -0.399856478188
SENSOR 5 0.493078840954 2.63845120424
SENSOR 6 3.4746419933 -2.96022159027
SENSOR 7 4.852250925 -1.62247582516
ODOMETRY 0.000204722786588 0.100025452409 -0.000621143247794
SENSOR 4 2.73084876629 -0.369067978649
SENSOR 5 0.42617115042 2.86523242658
SENSOR 6 3.81253344685 -2.96532036628
SENSOR 7 4.96857297672 -1.68391105412
ODOMETRY -0.000217736658741 0.0999861864311 -0.000591307921892
SENSOR 4 2.6677545575 -0.3747009033
SENSOR 5 0.7159982817 2.86732646754
SENSOR 6 3.60775134837 -3.03170946031
SENSOR 7 4.85926199224 -1.74229396012
ODOMETRY -0.000184559437448 0.100062080709 -0.000284379235048
SENSOR 4 2.47524626759 -0.497455287779
SENSOR 5 0.515976055959 2.86747266043
SENSOR 6 3.71140327246 -2.89739069321
SENSOR 7 4.86833979771 -1.86747905373
ODOMETRY -0.000423831010905 0.100055729458 0.000522719071377
SENSOR 4 2.40614223049 -0.363441019406
SENSOR 5 0.586364241415 2.87684153835
SENSOR 6 3.90284744099 -2.93101327542
SENSOR 7 4.77611939003 -1.8279190371
ODOMETRY -0.000503367053185 0.100103555799 0.000819633507756
SENSOR 4 2.40160042935 -0.389154949411
SENSOR 5 0.853827928964 3.00466868631
SENSOR 6 3.82496452269 -2.95364332599
SENSOR 7 5.02564796909 -1.78367151428
ODOMETRY -0.00080944386785 0.100013043879 1.97022648298e-05
SENSOR 4 2.14265941231 -0.576114496391
SENSOR 5 1.06875104344 3.01158775394
SENSOR 6 4.04413273461 -2.9178294235
SENSOR 7 5.0221824592 -1.79251846775
ODOMETRY -0.000993208621031 0.0998844685408 -0.000121644357505
SENSOR 4 2.27760317493 -0.454019833416
SENSOR 5 0.989955134561 3.00334167163
SENSOR 6 4.0746975399 -2.97885744051
ODOMETRY -0.000250538104947 0.100118558009 0.000470538017319
SENSOR 8 5.08620163194 -1.49046025052
SENSOR 4 2.30195764953 -0.428336448448
SENSOR 5 1.20549687351 2.9880742534
SENSOR 6 4.35196037607 -2.99771407728
ODOMETRY -0.000419971039834 0.0999850157042 -0.000136873067745
SENSOR 8 4.9606373049 -1.48374082501
SENSOR 4 2.02122842241 -0.612520417005
SENSOR 5 1.18548266277 2.91183826645
SENSOR 6 4.40601584512 -3.00750175779
ODOMETRY 0.000258908008153 0.0999880869982 -0.000878618195419
SENSOR 8 5.07928480298 -1.47517883113
SENSOR 4 1.95540196161 -0.524791774647
SENSOR 5 1.50601099601 3.02951420464
SENSOR 6 4.2697515621 -2.91223271519
ODOMETRY 8.35160305286e-05 0.0998921936279 -0.000916685935868
SENSOR 8 5.12480337929 -1.5292251446
SENSOR 4 1.8502364216 -0.640053414064
SENSOR 5 1.22548414583 3.00267777115
SENSOR 6 4.59119051094 -3.00286235802
ODOMETRY 0.000276055660063 0.0999750533485 0.000328587305689
SENSOR 8 4.85707120873 -1.55643745133
SENSOR 4 1.6853612932 -0.640165672521
SENSOR 5 1.40741969379 3.08301703619
SENSOR 6 4.43722471141 -2.92421694343
ODOMETRY -0.000612253935663 0.100030803164 0.000384082346755
SENSOR 8 4.8148264003 -1.5861711641
SENSOR 4 1.62945141541 -0.645906242858
SENSOR 5 1.57411900279 3.00136290051
SENSOR 6 4.74165161304 -2.88381335457
ODOMETRY -0.000615965348572 0.0999645830188 0.000122066793836
SENSOR 8 5.09246076865 -1.62935789257
SENSOR 4 1.50283498391 -0.764000413422
SENSOR 5 1.65903158666 3.20124071317
SENSOR 6 4.68619938405 -3.0067714176
ODOMETRY 0.00010181891152 0.100046833019 0.000440816980011
SENSOR 8 5.10307136294 -1.5981894044
SENSOR 4 1.3396692961 -0.647480763035
SENSOR 5 1.89463338292 3.13168562413
SENSOR 6 4.79308799565 -3.00728766374
ODOMETRY -0.000291816369108 0.100048609814 -0.00104644833934
SENSOR 8 5.05308894221 -1.61739005656
SENSOR 4 1.55728242344 -0.778699498829
SENSOR 5 1.76096780816 3.0522097073
ODOMETRY 8.52183257962e-05 0.0998196908854 0.000109532441973
SENSOR 8 4.93860295592 -1.59049668067
SENSOR 4 1.44172934018 -0.934292188086
SENSOR 5 1.92234124612 3.05518288622
ODOMETRY 7.22338246953e-05 0.0999023454001 -3.77129042551e-05
SENSOR 8 5.1479288931 -1.65822977182
SENSOR 4 1.25455156912 -0.879623084747
SENSOR 5 2.37861473612 3.10537197028
ODOMETRY 0.000670127696266 0.100006079133 0.000625609916127
SENSOR 8 5.09480518246 -1.65212699893
SENSOR 4 1.40390131939 -0.879816536972
SENSOR 5 2.20542921923 3.11477051951
ODOMETRY 0.000570783669274 0.0999546481828 0.000310239449538
SENSOR 4 1.06631403361 -1.08193342846
SENSOR 5 2.47203994196 3.13761545266
ODOMETRY 3.85114033074e-05 0.100176546577 0.000173947982474
SENSOR 4 1.20265396615 -1.09036457216
SENSOR 5 2.34144827576 3.04411849412
ODOMETRY 0.000776427377761 0.099952687123 -0.000941767872499
SENSOR 4 1.16717333388 -1.12821635833
SENSOR 5 2.46018754147 3.12942300941
ODOMETRY -0.000182525437042 0.0999468132926 -0.000158790994297
SENSOR 4 1.0123884597 -1.2839270903
SENSOR 5 2.62303723473 2.94037324821
ODOMETRY -0.000682345311597 0.099958072456 0.00043862067399
SENSOR 4 1.00020435353 -1.2311017102
SENSOR 5 2.83365938044 3.10650495611
ODOMETRY -9.19632135689e-07 0.10002313352 -0.000224880476229
SENSOR 4 0.849352538956 -1.46997822321
SENSOR 5 2.85184515953 3.11408226771
ODOMETRY -0.000798214396223 0.0999079224924 0.000213586041509
SENSOR 4 1.10312028502 -1.48363601494
SENSOR 5 3.00416166275 3.10884116279
ODOMETRY -0.000984233781833 0.0999672948533 7.64590930276e-05
SENSOR 4 1.04848307593 -1.64994919996
SENSOR 5 3.02744738541 3.06646084819
ODOMETRY -0.000260628905805 0.0999789088987 0.00116057007669
SENSOR 4 1.01403868185 -1.8074118964
SENSOR 5 3.08384570669 3.04030179903
ODOMETRY -0.000220095556118 0.0999551962105 -0.000481994451249
SENSOR 4 0.949362251022 -1.93475998957
SENSOR 5 3.02874489038 3.02677668221
ODOMETRY 0.00031060131166 0.100181543701 -0.20019265501
SENSOR 4 1.03535256961 -1.66182916184
SENSOR 5 3.32942750619 -2.89908305281
ODOMETRY -6.00078729292e-05 0.100231170262 -0.197349468283
SENSOR 4 1.23205472755 -1.61328765107
SENSOR 5 3.58883871764 -2.79036998463
ODOMETRY 0.000778944546602 0.0997443640523 -0.196805293229
SENSOR 4 0.980807526601 -1.37607808602
SENSOR 5 3.44799435666 -2.62665666687
ODOMETRY -0.000368902911915 0.100159655151 -0.19959086214
SENSOR 4 1.30954404554 -1.43176636885
SENSOR 5 3.51128233361 -2.49583044536
ODOMETRY 0.000875408598912 0.10049913959 -0.198612822628
SENSOR 4 0.953865121238 -1.2816545328
SENSOR 5 3.75050538274 -2.21025810438
ODOMETRY 0.000643301288042 0.0998677942291 -0.202643646401
SENSOR 4 0.937678468196 -1.17091065111
SENSOR 5 3.86489395394 -1.98135942803
ODOMETRY -0.000515670443917 0.100048418713 -0.201085070412
SENSOR 4 1.03088856231 -1.02236401255
SENSOR 5 3.61390947737 -1.83253751296
ODOMETRY -0.00070658966091 0.0999211581655 -0.201215641668
SENSOR 8 4.85461136115 -0.441193806736
SENSOR 4 1.05741780526 -0.941454125061
SENSOR 5 3.87262435523 -1.67878747955
ODOMETRY -0.000453651906009 0.100058053226 -0.0495339656427
SENSOR 8 4.91108468826 -0.314178952957
SENSOR 4 0.889803683381 -0.862587924879
SENSOR 5 4.001907275 -1.75368141539
ODOMETRY -0.000374433876798 0.0999632649737 0.000227424570168
SENSOR 8 4.89607963687 -0.383905377422
SENSOR 4 1.03529311279 -1.08642084347
SENSOR 5 3.6950450598 -1.62958875652
ODOMETRY 0.000560387911335 0.100022258169 -0.000690144025918
SENSOR 8 4.77811944922 -0.344660362116
SENSOR 4 0.6835522748 -1.12873248686
SENSOR 5 3.73078201728 -1.73731680832
ODOMETRY 0.000302602191039 0.0999189321218 -0.000444970990895
SENSOR 8 4.69613208187 -0.387130423206
SENSOR 4 0.787992521116 -1.29156833847
SENSOR 5 3.83067456717 -1.73774870776
ODOMETRY 0.00033245853007 0.099983722446 3.29125408185e-05
SENSOR 8 4.43987229987 -0.336598652401
SENSOR 4 0.824851032983 -1.37173579521
SENSOR 5 3.9011475333 -1.83111676621
ODOMETRY 0.0003202499917 0.0998020171825 -0.000105496843961
SENSOR 8 4.2295439355 -0.31030833621
SENSOR 4 0.562121580647 -1.48855015673
SENSOR 5 4.05047851622 -1.85523162918
ODOMETRY -0.00100295830048 0.100070287738 -0.000357513844835
SENSOR 8 4.14141953883 -0.401434359312
SENSOR 4 0.698270524653 -1.66266898697
SENSOR 5 4.02646711957 -1.85655804032
ODOMETRY -0.000188063237756 0.0999460648438 -0.000367434508236
SENSOR 8 4.49059154755 -0.359642792629
SENSOR 4 0.829352455695 -1.82738715515
SENSOR 5 3.9198043194 -1.85847185083
ODOMETRY 0.000145108773369 0.0999890308492 -0.0008287350519
SENSOR 8 4.0305518916 -0.410490083997
SENSOR 4 0.73104561841 -1.91623346334
SENSOR 5 3.95455389546 -1.81930736734
ODOMETRY 0.000317286436698 0.0999382739112 -0.000139268224043
SENSOR 8 3.94074309758 -0.449033720052
SENSOR 4 0.964327453377 -2.01100457015
SENSOR 5 4.12377150794 -1.90702070002
ODOMETRY -0.000489035127382 0.10010816554 -0.000185002568801
SENSOR 8 3.91534330666 -0.437399649948
SENSOR 4 0.962844439912 -2.09903655675
SENSOR 5 4.0517244807 -1.90944618344
ODOMETRY -0.000448212051337 0.100133168601 -0.0012892610486
SENSOR 8 3.8900635959 -0.450094707651
SENSOR 4 1.15499811144 -2.14063500493
SENSOR 5 4.15361685125 -1.97034676565
ODOMETRY -0.000333404857971 0.0999912335863 0.000192681272112
SENSOR 8 3.77038644114 -0.564054467112
SENSOR 4 0.97476218836 -2.24080497152
SENSOR 5 4.17413980453 -1.93610976395
ODOMETRY 0.000116797154257 0.100137172993 -0.000390404927584
SENSOR 8 3.63226086454 -0.540987639383
SENSOR 4 1.10417906905 -2.38354517123
SENSOR 5 4.30329593999 -2.0340943866
SENSOR 7 4.94033277705 -0.757833609985
ODOMETRY -0.000590074857926 0.0999133906589 -0.000728548241666
SENSOR 8 3.48279289223 -0.442671033673
SENSOR 4 1.21367576112 -2.38923397243
SENSOR 5 4.11351339144 -2.12124027897
SENSOR 7 4.9471083243 -0.863368530901
ODOMETRY 0.000666027634388 0.0999961749585 -0.00041098921494
SENSOR 8 3.31329949365 -0.442208158787
SENSOR 4 1.14087202904 -2.42970915883
SENSOR 5 4.28986062879 -2.13951007973
SENSOR 7 4.50725975692 -0.916450378366
ODOMETRY 0.000123003750952 0.0998768096926 -0.000338091992771
SENSOR 8 3.58031102591 -0.631152189894
SENSOR 4 1.28631748205 -2.52280355497
SENSOR 5 4.29694827231 -2.13689954352
SENSOR 7 4.75408087282 -0.865684520747
ODOMETRY -0.000346457382135 0.100082898443 0.000286890929699
SENSOR 8 3.24455116705 -0.576310948619
SENSOR 4 1.27283382282 -2.55880342549
SENSOR 5 4.41483458904 -2.05309918925
SENSOR 7 4.63121738461 -0.874521274014
ODOMETRY -0.000955326333333 0.100096022413 -0.000648521461897
SENSOR 8 3.24825762533 -0.599421325277
SENSOR 4 1.50961115908 -2.52257610457
SENSOR 5 4.51886453403 -2.10172063614
SENSOR 7 4.67172096933 -0.894687907489
ODOMETRY 0.000425896177498 0.100141662167 0.000472712559654
SENSOR 8 3.23972718873 -0.58466657353
SENSOR 4 1.74083901202 -2.64636281352
SENSOR 5 4.36236644466 -2.15541169775
SENSOR 7 4.54743703627 -0.983253835746
ODOMETRY 0.000431170979157 0.100025186646 -9.68768691897e-05
SENSOR 8 2.94713147949 -0.538730214309
SENSOR 4 1.59532499948 -2.64189895638
SENSOR 5 4.3940471103 -2.19522353029
SENSOR 7 4.58101568205 -0.938466709816
ODOMETRY -0.00126089300156 0.100003408847 -0.000253955323998
SENSOR 8 3.01049631895 -0.647455670209
SENSOR 4 1.74223188952 -2.64154107534
SENSOR 5 4.6784242394 -2.17124070517
SENSOR 7 4.2652733295 -0.996316702854
ODOMETRY -0.000120654780893 0.0999758007847 -7.69033417334e-05
SENSOR 8 2.81105029309 -0.668553762428
SENSOR 4 1.84304791933 -2.65607644439
SENSOR 5 4.63624935942 -2.13548023805
SENSOR 7 4.52016763586 -0.991018307807
ODOMETRY 0.000189591679111 0.100086348204 -0.000323351005088
SENSOR 8 2.93905607509 -0.585176239548
SENSOR 4 2.0438034489 -2.72800462462
SENSOR 5 4.52648542497 -2.21078238898
SENSOR 7 4.18292097158 -1.01609850061
ODOMETRY -0.000473674854813 0.10002979275 -7.07593512027e-05
SENSOR 8 2.78937751626 -0.681683822875
SENSOR 4 1.99021011507 -2.71901554183
SENSOR 5 4.86030610026 -2.19809066259
SENSOR 7 4.08317192213 -1.06263343315
ODOMETRY -0.000361318872101 0.0998516170993 -0.000310786635761
SENSOR 8 2.73109069077 -0.664414233072
SENSOR 4 2.02095934862 -2.77281077247
SENSOR 5 4.87996286947 -2.20004470209
SENSOR 7 4.22842676961 -1.08754115393
ODOMETRY -0.000269192638065 0.100069154562 0.000122327434553
SENSOR 8 2.66996787215 -0.741197858346
SENSOR 1 4.92781804914 0.165464879583
SENSOR 4 2.28452084059 -2.79103144813
SENSOR 5 4.76222916544 -2.3384152959
SENSOR 7 4.19121425588 -1.02506412666
ODOMETRY 0.000939233063028 0.099978524037 0.000685447903704
SENSOR 8 2.51553389791 -0.634533883027
SENSOR 1 4.82706330783 0.0213662625167
SENSOR 4 2.37505836382 -2.78320616069
SENSOR 5 4.99415607057 -2.22355221099
SENSOR 7 3.97703512937 -1.08364781079
ODOMETRY -6.77419651127e-05 0.100140978268 -0.000135987996048
SENSOR 8 2.23340888122 -0.783411064361
SENSOR 1 4.76673370222 -0.00223170351281
SENSOR 4 2.44121554947 -2.76116600902
SENSOR 5 4.814470924 -2.31902709448
SENSOR 7 4.04347080517 -1.14617801134
ODOMETRY 0.00048886726123 0.100041297815 0.000679022990554
SENSOR 8 2.30974435417 -0.73023844975
SENSOR 1 4.628923258 0.0668774699138
SENSOR 4 2.33202866839 -2.80658070702
SENSOR 7 4.1171835927 -1.18735408115
ODOMETRY -0.000763316825852 0.0998626212511 2.71380464145e-05
SENSOR 8 2.30957175125 -0.879774630027
SENSOR 1 4.47241468075 0.112481627522
SENSOR 4 2.67200407606 -2.88213261922
SENSOR 7 4.13385546866 -1.15907658911
ODOMETRY 0.00049292915547 0.0998636041901 -0.000379476978871
SENSOR 8 2.36124708193 -0.870145768712
SENSOR 1 4.38735357247 0.0955180040226
SENSOR 4 2.65985478012 -2.84310942138
SENSOR 7 3.81181745959 -1.20782384771
ODOMETRY 0.00033110801736 0.100044850743 -0.000577153724803
SENSOR 8 2.41743004232 -0.864072811384
SENSOR 1 4.40194504238 0.0658008097918
SENSOR 4 2.94567913337 -2.88562727445
SENSOR 7 3.82544464355 -1.2516790519
ODOMETRY -0.000308672136194 0.0998384881725 2.64214654053e-05
SENSOR 8 1.919908976 -0.934813972655
SENSOR 1 4.19345581376 0.0757952107782
SENSOR 4 2.94440761406 -2.83450142815
SENSOR 7 3.92107607518 -1.15208824306
ODOMETRY 5.25016195751e-05 0.0999941288634 0.000406623957959
SENSOR 8 1.9832859543 -0.98442650848
SENSOR 1 4.09215025882 0.0717523426929
SENSOR 4 3.05636372159 -2.93752404177
SENSOR 7 3.89565529492 -1.28776086607
ODOMETRY -0.000273197315602 0.0998069485111 -0.000285894067554
SENSOR 8 2.12296121839 -1.02645711564
SENSOR 1 4.1786687521 0.0497541354582
SENSOR 4 3.22093748114 -2.82397420009
SENSOR 7 3.97449556221 -1.29780080623
ODOMETRY -0.000265608833175 0.100026175106 0.000137251905213
SENSOR 8 2.05703216981 -1.00685667222
SENSOR 1 3.94149875624 0.140569733461
SENSOR 4 3.13725363665 -2.87162377088
SENSOR 7 3.76919105935 -1.28829235854
ODOMETRY 0.000720910278101 0.100023575271 -0.000251711733041
SENSOR 8 1.81579376561 -1.08266616382
SENSOR 1 3.67093999662 0.0393555510994
SENSOR 4 3.34596406803 -2.97433102412
SENSOR 7 3.90187420479 -1.31346748714
ODOMETRY 0.000105339136838 0.099882486807 0.000711003741797
SENSOR 8 1.81140030994 -1.14228995915
SENSOR 1 3.8261635831 0.054006173831
SENSOR 4 3.4796093187 -2.98658709002
SENSOR 7 3.82419437586 -1.32957085243
ODOMETRY -7.64579991343e-05 0.0997922673878 -0.000288040106145
SENSOR 8 1.97927232141 -1.27560024901
SENSOR 1 3.72258806814 0.161210114162
SENSOR 4 3.3133245266 -2.89891758969
SENSOR 7 3.81183963458 -1.32175712764
ODOMETRY 0.000385928532719 0.0996806600309 -0.200347125045
SENSOR 8 1.71109074699 -1.02714696631
SENSOR 1 3.47474230224 0.283685656426
SENSOR 4 3.49665186449 -2.71608754934
SENSOR 7 3.86100523492 -1.24660856692
ODOMETRY 1.18794066805e-06 0.0997733761035 -0.199977592699
SENSOR 8 1.7913022851 -0.988844108691
SENSOR 1 3.3603196986 0.438921773545
SENSOR 4 3.59460143268 -2.4995361102
SENSOR 7 3.6769689176 -1.0092059111
ODOMETRY -0.000816556751862 0.0997465372851 -0.202314638633
SENSOR 8 1.72700243897 -0.727469713931
SENSOR 1 3.41603446384 0.795914407086
SENSOR 4 3.74498201327 -2.35790495186
SENSOR 7 3.65858016772 -0.852210047465
ODOMETRY -0.00017107666944 0.100202752156 -0.199982427928
SENSOR 8 1.59030504807 -0.562457859173
SENSOR 1 3.26977624121 1.02025691453
SENSOR 4 3.98177703193 -2.11166828345
SENSOR 7 3.60670130028 -0.68064217983
ODOMETRY 0.000590926276013 0.100545969921 -0.199693808091
SENSOR 8 1.42956896486 -0.405210773852
SENSOR 1 3.11530262765 1.08617098938
SENSOR 4 3.75792044617 -1.94960186471
SENSOR 7 3.44632621596 -0.561375582074
ODOMETRY -0.000298257136816 0.0996631664365 -0.198915852019
SENSOR 8 1.41119753152 -0.218291775829
SENSOR 1 3.14171978452 1.37417197214
SENSOR 4 3.97964357546 -1.84339806385
SENSOR 7 3.37769084878 -0.326486102096
ODOMETRY -0.000223643982462 0.0996312038275 -0.2025564277
SENSOR 8 1.25280389716 -0.0478523885333
SENSOR 1 3.28031792034 1.55461890617
SENSOR 4 3.96871903979 -1.63320364602
SENSOR 7 3.38773338161 -0.165645510408
ODOMETRY -0.000881424513507 0.0999464043441 -0.148617707433
SENSOR 8 1.21794802013 0.101499246355
SENSOR 1 3.22237509743 1.79072716463
SENSOR 4 3.95617109814 -1.44625205115
SENSOR 7 3.44736574276 0.0259459077986
ODOMETRY 6.73076006284e-05 0.100132073471 -0.000119445516902
SENSOR 8 1.10085634846 0.0128641004662
SENSOR 1 3.15319314656 1.83602899903
SENSOR 4 3.96197077783 -1.56149331217
SENSOR 7 3.16144997508 0.0497659131117
ODOMETRY 0.000216898596734 0.100008870944 8.44491124946e-05
SENSOR 8 0.98718385021 0.0505647532356
SENSOR 1 3.44793567727 1.89256285855
SENSOR 4 3.92237270173 -1.60631882591
SENSOR 7 3.21973581934 -0.0340907108888
ODOMETRY 0.000128009797301 0.100043460223 0.000987839174826
SENSOR 8 0.89829332316 0.135383956612
SENSOR 1 3.27245387945 1.88010743562
SENSOR 4 3.96502932983 -1.56994091616
SENSOR 7 2.97710577284 0.0715555315754
ODOMETRY -0.000150318169053 0.100071664514 0.000144679939358
SENSOR 8 0.774339649168 -0.000516516086974
SENSOR 1 3.48116649203 1.98621024178
SENSOR 4 3.85294043277 -1.65568756419
SENSOR 7 2.90643136834 0.027023615806
ODOMETRY -0.000465690711615 0.100017674194 -0.000142742436314
SENSOR 8 0.527252645966 0.172607270039
SENSOR 1 3.3814040867 1.97634147246
SENSOR 4 4.10861734812 -1.59369624478
SENSOR 7 2.76353072157 0.00840562337829
ODOMETRY -0.000128208315622 0.0999656883624 0.000594809485977
SENSOR 8 0.687305913164 0.0798724661809
SENSOR 1 3.21764284755 1.9744178959
SENSOR 4 4.08919040605 -1.62141915547
SENSOR 7 2.55473025478 0.0977268515407
ODOMETRY 0.000821476656511 0.0999158037258 -0.00068566679204
SENSOR 8 0.480616169488 0.139441754953
SENSOR 1 3.45668051094 2.00189239553
SENSOR 4 4.10524461182 -1.67981251381
SENSOR 7 2.33739775251 0.0985219039275
ODOMETRY 0.000455722461866 0.0999653812 -4.23758429747e-05
SENSOR 8 0.400741221794 0.167751600491
SENSOR 1 3.55108397687 2.05110783316
SENSOR 4 4.06515935986 -1.72057455144
SENSOR 7 2.50287051778 0.127838872546
ODOMETRY 0.000100633095148 0.100219327349 0.000631070639127
SENSOR 8 0.417382565095 0.188823271199
SENSOR 1 3.35123641832 2.09116664517
SENSOR 4 3.95754572184 -1.71268379099
SENSOR 7 2.41072585607 0.122504676512
ODOMETRY -0.000607763710215 0.100140453337 -0.000218697666427
SENSOR 8 0.369346735302 0.271181092817
SENSOR 1 3.67699620635 2.07721447415
SENSOR 4 4.07710876539 -1.73456190265
SENSOR 7 2.42576722134 -0.0138112591739
ODOMETRY -0.000139407170528 0.0998511677938 0.000334065170192
SENSOR 8 0.335693906267 0.462318775119
SENSOR 1 3.54703844972 2.08539235736
SENSOR 4 3.94824350404 -1.6777048794
SENSOR 7 2.13297568426 0.0826896741318
ODOMETRY -0.000628418701319 0.0999704949615 -0.000124838470818
SENSOR 8 0.0237407258792 0.999084065632
SENSOR 1 3.49005275028 2.05858832887
SENSOR 4 4.07307706178 -1.72646904791
SENSOR 7 2.07921259872 0.00213504582166
ODOMETRY -9.78009794874e-05 0.100003974246 -0.00134217319887
SENSOR 8 0.129747875719 2.20808064967
SENSOR 1 3.82990788235 2.17088111054
SENSOR 4 4.01274770551 -1.80022287123
SENSOR 7 1.74885650734 -0.0121223549881
ODOMETRY 0.000936885880489 0.0999064874362 0.000600172698976
SENSOR 8 0.00599324163092 2.67223936752
SENSOR 1 3.82421795548 2.19552984414
SENSOR 3 4.79851180987 0.60594351723
SENSOR 4 4.05133471121 -1.81575940442
SENSOR 7 1.85931144483 0.164227994673
ODOMETRY -0.000253202498002 0.10008722051 0.000209063753791
SENSOR 8 0.355098876696 2.89500927945
SENSOR 1 3.90659962847 2.1333112384
SENSOR 3 4.81068150996 0.62679112096
SENSOR 4 4.09111006731 -1.88931307412
SENSOR 7 1.79380510621 -0.0357020447254
ODOMETRY 0.000157129099918 0.100032988722 -0.000729862285518
SENSOR 8 0.310596091371 2.80972354331
SENSOR 1 3.70515903504 2.23033190653
SENSOR 3 4.65126987644 0.73166186817
SENSOR 4 4.23935852045 -1.93054147639
SENSOR 7 1.76174667646 0.0262704139452
ODOMETRY -0.000548408308394 0.0999919238562 -0.000250033911117
SENSOR 8 0.672273832166 3.01287570212
SENSOR 1 3.82284974892 2.26851849591
SENSOR 3 4.66661981658 0.750783246804
SENSOR 4 4.20611841782 -1.87591401282
SENSOR 7 1.65083446213 -0.10214389997
ODOMETRY -0.000371751330884 0.0999313796848 0.000860224474773
SENSOR 8 0.556611108037 3.00403808456
SENSOR 1 4.07609954779 2.29923731693
SENSOR 3 4.61268174855 0.746177069223
SENSOR 4 4.26511409215 -1.93342631232
SENSOR 7 1.5749019735 0.109768246387
ODOMETRY 2.93556084258e-05 0.100060189388 0.00098238378032
SENSOR 8 0.731212089539 3.13442910945
SENSOR 1 4.19104478917 2.19441500315
SENSOR 3 4.50331304373 0.707514185573
SENSOR 4 4.34762941195 -1.97920192321
SENSOR 7 1.33294282082 0.0230575892315
ODOMETRY 1.97994777393e-05 0.099913771488 0.000324267521873
SENSOR 8 0.726506378949 3.06634580351
SENSOR 1 4.04114278918 2.33975587408
SENSOR 3 4.50535713636 0.78187843772
SENSOR 4 4.29965089498 -1.9407687623
SENSOR 7 1.27944364032 0.0552717851415
ODOMETRY -0.000438875804674 0.099903540815 0.000489960444763
SENSOR 8 0.62179737963 3.10384573817
SENSOR 1 4.24151843231 2.38316523462
SENSOR 3 4.26416968603 0.789449674711
SENSOR 4 4.33240098534 -1.96547159788
SENSOR 7 1.24198454896 -0.0312764055356
ODOMETRY 0.00124083409796 0.09994562889 -0.000946313040158
SENSOR 8 0.760293224516 3.02148565162
SENSOR 1 4.28994508486 2.2237346564
SENSOR 3 4.26717238324 0.896293534553
SENSOR 4 4.27865244716 -2.06179292551
SENSOR 7 1.12266271613 0.0415462318364
ODOMETRY 0.000129299270017 0.100041869119 -0.000655703667229
SENSOR 1 4.45232713374 2.39852116851
SENSOR 3 4.28823399159 0.800783040336
SENSOR 4 4.51068601353 -2.05307475783
SENSOR 7 0.901779605434 0.0337725706528
SENSOR 8 0.977088757516 3.04355799617
SENSOR 9 5.04440283106 -0.0103650380772
ODOMETRY 0.000537988723435 0.0998524709068 -0.000469990594849
SENSOR 1 4.33243080487 2.33948279246
SENSOR 3 4.10533364383 0.863859372451
SENSOR 4 4.60752865229 -2.16099524972
SENSOR 5 5.14915760553 -1.41243997907
SENSOR 7 1.00236861922 0.0941916748689
SENSOR 8 1.23019120912 3.1121174408
SENSOR 9 4.82508017193 0.051751886788
ODOMETRY -0.000205828817179 0.100018336841 0.000249542798678
SENSOR 1 4.33283896214 2.46058071055
SENSOR 3 4.18312790586 0.872387916195
SENSOR 4 4.50465419667 -2.16382123772
SENSOR 5 5.10336341986 -1.39939623537
SENSOR 7 0.704062055735 0.108392416192
SENSOR 8 1.20229516344 3.16630582891
SENSOR 9 4.60881937906 0.0659418142304
ODOMETRY -4.84769033309e-05 0.0998816841886 -0.000516660455681
SENSOR 1 4.50934992142 2.36066884164
SENSOR 3 4.00995160209 0.872702584178
SENSOR 4 4.6556628157 -2.10991460657
SENSOR 5 5.19236777304 -1.46894121337
SENSOR 7 0.595140527124 -0.00247210771207
SENSOR 8 1.1409026588 3.07525098835
SENSOR 9 4.84639214222 -0.0548253969277
ODOMETRY 5.67295197279e-05 0.100061981172 0.000311855228904
SENSOR 1 4.62274843795 2.4285094599
SENSOR 3 3.816414436 0.903117907018
SENSOR 4 4.36708385287 -2.09249135014
SENSOR 5 5.02112185456 -1.48480085145
SENSOR 7 0.722330360765 0.131951761725
SENSOR 8 1.42401805985 3.15417376672
SENSOR 9 4.47099457601 -0.0163240457546
ODOMETRY 0.00115916483704 0.0999765525792 -5.49301680053e-05
SENSOR 1 4.63927554993 2.3761844012
SENSOR 3 3.9376280419 0.858518143986
SENSOR 4 4.78153044206 -2.1711021116
SENSOR 5 5.01779109603 -1.4755448089
SENSOR 7 0.400487152841 0.0954002442539
SENSOR 8 1.5705356409 2.92820511279
SENSOR 9 4.55151136998 0.00907004840239
ODOMETRY -0.00015974321687 0.100001954963 0.000375007480502
SENSOR 1 4.70778012293 2.42157051538
SENSOR 3 3.97505453196 0.932447245049
SENSOR 4 4.70850325866 -2.17152767966
SENSOR 5 4.95124738508 -1.40632188062
SENSOR 7 0.383618192004 0.149257977921
SENSOR 8 1.42134250744 3.07398092328
SENSOR 9 4.4606042563 -0.0161739269736
ODOMETRY -0.000584883749866 0.0998918193766 0.000164194828446
SENSOR 1 4.79178293375 2.48566706534
SENSOR 3 3.63177076576 0.880780831994
SENSOR 4 5.01568989921 -2.26708689866
SENSOR 5 4.98135878948 -1.51500189459
SENSOR 7 0.270711489516 0.323697074147
SENSOR 8 1.83521291936 3.07684872323
SENSOR 9 4.49376890802 0.0459102111966
ODOMETRY 0.000303680491478 0.100162153889 9.76063766532e-05
SENSOR 1 4.87239258496 2.49373595981
SENSOR 3 3.63961037672 0.972600323588
SENSOR 4 5.06493994808 -2.19537045826
SENSOR 5 4.87043159977 -1.5187934091
SENSOR 7 0.158485679685 0.430892408212
SENSOR 8 1.94404523721 3.02999537927
SENSOR 9 4.25502389275 0.0807923140829
ODOMETRY -0.000118594429945 0.100038226107 0.0016860488551
SENSOR 3 3.85525315557 0.972472209298
SENSOR 4 4.7395963428 -2.22231607732
SENSOR 5 5.03393746044 -1.59221850796
SENSOR 6 5.09689220959 -0.905474203378
SENSOR 7 0.210352002822 1.03187235077
SENSOR 8 2.18673487592 3.14059664668
SENSOR 9 4.10712293299 0.0906600190361
