ODOMETRY 0.100068080139 0.100249642432 -0.000326992241362
SENSOR 1 2.08219220544 0.311724182123
SENSOR 2 4.01188450412 1.44126366316
ODOMETRY 0.100770135385 0.0999830371692 0.000283319078732
SENSOR 1 2.03292033382 0.309629930574
SENSOR 2 3.67779686283 1.3616405663
ODOMETRY 0.100250871824 0.0999613218142 -0.000425899489536
SENSOR 1 1.91136870178 0.177168372291
SENSOR 2 4.08834234003 1.33657402646
ODOMETRY 0.0985096726563 0.100081615233 -0.000571339302397
SENSOR 1 1.98574147997 0.089747632785
SENSOR 2 3.93046602632 1.29955605297
ODOMETRY 0.101801020564 0.100072032353 -0.000788337604257
SENSOR 1 1.67053917265 0.061660128389
SENSOR 2 3.93135144955 1.20012845634
ODOMETRY 0.100732548455 0.0996154508379 -0.000105935989332
SENSOR 1 1.69509870017 -0.00971084225084
SENSOR 2 3.92006968797 1.17072603097
ODOMETRY 0.0985339028457 0.10011190473 0.000126323563896
SENSOR 1 1.62936210161 -0.242180309032
SENSOR 2 3.76644245257 1.02862466314
ODOMETRY 0.101049451133 0.100199835316 -0.000361303653382
SENSOR 1 1.47134359284 -0.352165302038
SENSOR 2 3.88216721427 0.893742578962
ODOMETRY 0.100646006753 0.0999299988125 0.000199325181315
SENSOR 8 4.93921740531 -0.413558750818
SENSOR 1 1.45171120046 -0.531515257689
SENSOR 2 3.61292938589 0.815152950843
ODOMETRY 0.0986517196475 0.0996899122762 -2.47048086689e-05
SENSOR 8 4.76780517727 -0.560485980645
SENSOR 1 1.25977658533 -0.608502603201
SENSOR 2 3.58758897877 0.768999739321
ODOMETRY 0.0983783352026 0.100103903116 0.000580323884346
SENSOR 8 4.81973993711 -0.532538310746
SENSOR 1 0.981617551705 -0.742740691691
SENSOR 2 3.65363991018 0.717099015343
ODOMETRY 0.0477851306253 0.10000880302 7.14998356851e-05
SENSOR 8 4.69412317073 -0.714693990088
SENSOR 1 0.889692284132 -0.912768830535
SENSOR 2 3.27804121777 0.703988234457
ODOMETRY 0.100701996576 0.100266974551 -0.000335673561525
SENSOR 8 4.72028592939 -0.733173312299
SENSOR 1 1.11605364534 -1.03393225263
SENSOR 2 3.45317577132 0.704087914409
ODOMETRY 0.0988844296869 0.100202981841 0.000378182453029
SENSOR 8 4.51734791884 -0.886010778471
SENSOR 1 1.11737720049 -1.1471188092
SENSOR 2 3.26572508712 0.570889569998
ODOMETRY 0.0998739532533 0.100266124139 0.000519858056677
SENSOR 8 4.48462280222 -0.966606890106
SENSOR 1 1.06542968964 -1.42889713872
SENSOR 2 3.15296002235 0.438635736284
ODOMETRY 0.101017200244 0.10002018603 0.000179326208802
SENSOR 8 4.42687773375 -1.04100907153
SENSOR 1 1.14669960644 -1.65542831243
SENSOR 2 3.14207841959 0.245239278537
ODOMETRY -0.000365836723125 0.0998880602308 -0.000594119748269
SENSOR 8 4.32047834095 -1.07832072634
SENSOR 1 1.06665067311 -1.73396893097
SENSOR 2 3.16411445815 0.396562501153
ODOMETRY 0.0008560662579 0.100121149657 7.93199521286e-05
SENSOR 8 4.4083672026 -1.14242529491
SENSOR 1 1.07131973537 -1.83637005746
SENSOR 2 3.00608100632 0.319712149254
ODOMETRY -0.000502271364817 0.100002539984 -0.00132762186415
SENSOR 8 4.35625330918 -1.2120234075
SENSOR 1 1.06513750422 -1.93794562344
SENSOR 2 2.87221060659 0.348626462067
ODOMETRY -0.000286282657109 0.100075028742 0.000203427548137
SENSOR 8 4.51559801964 -1.20410559811
SENSOR 1 0.991259316949 -1.88047643431
SENSOR 2 2.67106017041 0.420072113582
ODOMETRY -0.000229750842955 0.0999046983329 -0.000311008934246
SENSOR 8 4.29006601943 -1.17446270466
SENSOR 1 1.36529827765 -2.02439155194
SENSOR 2 2.66150771637 0.330374996877
ODOMETRY -2.088438972e-05 0.0999273476833 -0.000906619975163
SENSOR 8 3.7897352465 -1.23619082762
SENSOR 1 1.29945714256 -2.18998039635
SENSOR 2 2.48856453888 0.411518511854
ODOMETRY 0.000630713715905 0.0999929809715 -0.00088863540781
SENSOR 8 4.14275835448 -1.25028829595
SENSOR 1 1.45807938719 -2.22435178719
SENSOR 2 2.48415492598 0.308694824537
ODOMETRY -0.000538797851558 0.0999807240428 0.000665952857479
SENSOR 8 4.05028730602 -1.28066149914
SENSOR 1 1.33772149638 -2.32919845808
SENSOR 2 2.35806514792 0.481592810084
ODOMETRY -8.8741587688e-05 0.0999338789141 -0.000901986689899
SENSOR 8 4.04371108694 -1.29215731784
SENSOR 1 1.18940017544 -2.41019003108
SENSOR 2 2.16402152809 0.452351184553
ODOMETRY -0.000399071169303 0.100024797529 -0.000652113436273
SENSOR 8 4.10875818018 -1.33626325627
SENSOR 1 1.31593071143 -2.40293052266
SENSOR 2 2.14045807623 0.453087751433
SENSOR 7 4.93702119825 -0.887304938531
ODOMETRY -0.00043400840481 0.100037176116 0.000262150218538
SENSOR 8 3.95492104925 -1.31959234338
SENSOR 1 1.53576092208 -2.38113023894
SENSOR 2 2.04053441362 0.509882611215
SENSOR 3 4.92762583186 -0.197579128478
SENSOR 7 4.70765464935 -1.01273735443
ODOMETRY 0.000128844342027 0.100007222031 0.000540536535221
SENSOR 8 4.12472878108 -1.25537520663
SENSOR 1 1.56341917385 -2.4022743318
SENSOR 2 2.12782879777 0.467055424497
SENSOR 3 4.77831543463 -0.21044106943
SENSOR 7 5.04959671206 -1.00574001321
ODOMETRY 0.000821221423713 0.0999700846902 0.000171960065645
SENSOR 8 4.22752752551 -1.31050867237
SENSOR 1 1.62887082761 -2.50044209724
SENSOR 2 1.85239319995 0.513976563887
SENSOR 3 4.62129014747 -0.238048739168
SENSOR 7 4.70116944256 -0.981694027961
ODOMETRY 3.63176433387e-05 0.0999889600374 -0.000387249853078
SENSOR 8 4.08620128191 -1.54706087119
SENSOR 1 1.82736412596 -2.53783272389
SENSOR 2 1.85255991133 0.693873709971
SENSOR 3 4.69635600333 -0.161117666304
SENSOR 7 4.56994398695 -0.90393316826
ODOMETRY -0.000630577066776 0.100058249368 0.000228230062552
SENSOR 8 3.99438249634 -1.47576779752
SENSOR 1 1.83211425373 -2.60514329637
SENSOR 2 1.64646955888 0.650588919246
SENSOR 3 4.53186429612 -0.24307956167
SENSOR 7 4.68735681738 -1.03155344577
ODOMETRY 0.000146895611028 0.0999768475843 9.48558153982e-05
SENSOR 8 4.08463534351 -1.45306826872
SENSOR 1 1.87917573809 -2.53187975867
SENSOR 2 1.69892666651 0.636859678124
SENSOR 3 4.64378623667 -0.215067229405
SENSOR 7 4.46736493689 -0.968365607561
ODOMETRY 0.00076898398192 0.100045462587 0.000349176972375
SENSOR 8 3.9234096328 -1.52597518099
SENSOR 1 2.07490012249 -2.59783030627
SENSOR 2 1.64842251689 0.650794978634
SENSOR 3 4.36581417522 -0.193899440989
SENSOR 7 4.58726333814 -0.95531696867
ODOMETRY -0.000346846003359 0.0999457293863 3.62888438338e-05
SENSOR 8 3.89002354289 -1.46740358605
SENSOR 1 2.05290616199 -2.5245893213
SENSOR 2 1.54865947041 0.780821379393
SENSOR 3 4.30361185065 -0.259214712149
SENSOR 7 4.57891258404 -1.04946672068
ODOMETRY -0.000337867691271 0.099983483764 7.4052901764e-05
SENSOR 8 4.08872951736 -1.4507987188
SENSOR 1 2.23474874132 -2.66437276168
SENSOR 2 1.47329973029 0.753628269663
SENSOR 3 4.11996922333 -0.254205778547
SENSOR 7 4.61927472263 -1.09600256261
ODOMETRY 0.000155094238789 0.0998424363998 0.000145117081085
SENSOR 8 4.01826082311 -1.69003829944
SENSOR 1 2.14684067939 -2.56316055159
SENSOR 2 1.34325763246 0.854947638575
SENSOR 3 4.16523223757 -0.181009231781
SENSOR 7 4.43418959305 -1.1520937784
ODOMETRY 0.000316806612408 0.100088512935 0.000437224694786
SENSOR 8 3.90575956629 -1.65206953702
SENSOR 1 2.26217194351 -2.64231170956
SENSOR 2 1.29185400214 0.872528113834
SENSOR 3 3.65582503043 -0.174487508097
SENSOR 7 4.46232141614 -1.03863758688
ODOMETRY 0.000396584140367 0.100051736586 0.000100341305886
SENSOR 8 4.1313715305 -1.62102566609
SENSOR 1 2.60845272066 -2.77267328297
SENSOR 2 1.25595442662 0.969413859717
SENSOR 3 3.76293968956 -0.324246891019
SENSOR 7 4.43637836801 -1.15220051975
ODOMETRY -0.000595072432269 0.100043086242 -9.59599659854e-05
SENSOR 8 3.95005202679 -1.66532032181
SENSOR 1 2.52421776227 -2.79521321592
SENSOR 2 1.02495220487 1.05450652378
SENSOR 3 3.788399518 -0.199392369648
SENSOR 7 4.41848195546 -1.16000555961
ODOMETRY 0.00020686630122 0.100003634137 0.000174284091117
SENSOR 8 4.21593691533 -1.67685218319
SENSOR 1 2.60572754814 -2.65058960288
SENSOR 2 1.21544936634 1.12650951115
SENSOR 3 3.57757108363 -0.282274152838
SENSOR 7 4.27811863545 -1.0866832728
ODOMETRY -1.58467883914e-05 0.100081198722 0.00111303377529
SENSOR 8 4.09213091309 -1.60270401945
SENSOR 1 2.63430303346 -2.69427801519
SENSOR 2 1.12271772393 1.23530150791
SENSOR 3 3.42171934399 -0.159380628456
SENSOR 7 4.10892282294 -1.15942258078
ODOMETRY 8.73535254527e-05 0.0998282270455 0.00069328150786
SENSOR 8 4.06691086507 -1.68618453971
SENSOR 1 3.00059912896 -2.75790958214
SENSOR 2 1.09784386495 1.28242184852
SENSOR 3 3.45975686006 -0.299947185097
SENSOR 7 4.21606938016 -1.22595917258
ODOMETRY 0.000347709121419 0.099989135925 -0.000327333915021
SENSOR 8 4.03145242185 -1.82234673079
SENSOR 1 2.7283132317 -2.72352129636
SENSOR 2 1.0986462142 1.3897370358
SENSOR 3 3.42280138704 -0.239939959662
SENSOR 7 4.13146027225 -1.33696155136
ODOMETRY 0.000215283651362 0.100135232465 -0.000156472578116
SENSOR 8 4.11191369814 -1.68045817644
SENSOR 1 2.88100750644 -2.8118558116
SENSOR 2 1.08422779189 1.53703938422
SENSOR 3 3.23802480967 -0.298865592222
SENSOR 7 3.92430059954 -1.2513495671
ODOMETRY 0.000699908948264 0.100123141021 8.42269932264e-05
SENSOR 8 4.18013359717 -1.83007015687
SENSOR 1 3.16496755595 -2.7249520262
SENSOR 2 1.03966888966 1.62190485432
SENSOR 3 2.95234868305 -0.298088061123
SENSOR 7 4.21869316896 -1.32396380556
ODOMETRY 0.000146304820974 0.100003610925 -0.000493262057944
SENSOR 8 3.94056561454 -1.72664932484
SENSOR 1 3.05585689241 -2.91606096339
SENSOR 2 0.970490294322 1.57869885547
SENSOR 3 3.06439059778 -0.220001471705
SENSOR 7 4.01722278831 -1.41192858073
ODOMETRY -0.000469753631854 0.0999812574125 -0.000349578928424
SENSOR 8 4.20081627072 -1.867694847
SENSOR 1 3.23655785274 -2.87531417208
SENSOR 2 1.09377220304 1.69758514255
SENSOR 3 3.02220023495 -0.285685020919
SENSOR 7 4.02951832899 -1.32970556995
ODOMETRY 0.000276223904826 0.0999191243284 0.00027679774922
SENSOR 8 4.14356263048 -1.81911384298
SENSOR 1 3.48850401338 -2.95308609631
SENSOR 2 1.21895537654 1.89695389158
SENSOR 3 2.95496296047 -0.412332155049
SENSOR 7 3.97851953254 -1.41850067197
ODOMETRY -0.000574110717379 0.100065895542 7.42975463624e-05
SENSOR 8 4.18713957935 -1.82903868679
SENSOR 1 3.58444208247 -2.90000922146
SENSOR 2 1.16617322329 1.96782799493
SENSOR 3 2.88587886236 -0.268132703406
SENSOR 7 3.95102456035 -1.33564546586
ODOMETRY -0.000303527754303 0.100036479249 0.000120679215337
SENSOR 8 4.33557776267 -1.8952309378
SENSOR 1 3.52266750074 -2.80565645025
SENSOR 2 1.33898342761 1.94318357339
SENSOR 3 2.75984351144 -0.321418220229
SENSOR 7 3.85028028576 -1.41218644398
ODOMETRY 0.000751190117815 0.0999465325627 2.66572044066e-05
SENSOR 8 4.26424281217 -1.9520550137
SENSOR 1 3.66960039519 -2.78902261198
SENSOR 2 1.29001437137 2.02420714627
SENSOR 3 2.44597865869 -0.360249984864
SENSOR 7 3.87719751917 -1.46755655546
ODOMETRY -0.000390692691475 0.0999675174117 -0.000328645323174
SENSOR 8 4.19365564063 -1.92471191989
SENSOR 1 3.71660371636 -2.89880167139
SENSOR 2 1.37478994828 2.16176166116
SENSOR 3 2.47105512001 -0.396498170735
SENSOR 7 3.93541932234 -1.40196408481
ODOMETRY 0.000430833763166 0.100121811301 0.000602791454338
SENSOR 8 4.26144588605 -1.91323096117
SENSOR 1 3.85015660938 -2.90642599378
SENSOR 2 1.18985055101 2.15081675827
SENSOR 3 2.35062966792 -0.378636021277
SENSOR 7 3.89718480758 -1.51976854624
ODOMETRY 0.000937171920785 0.100245067208 0.000107191286469
SENSOR 8 4.28845710797 -2.09358301713
SENSOR 1 4.06600959697 -2.79563059057
SENSOR 2 1.3548509133 2.34798014742
SENSOR 3 2.48881608082 -0.392958865925
SENSOR 7 3.99866282902 -1.54883009876
ODOMETRY -2.08571269898e-05 0.100022875113 -0.000549373331383
SENSOR 8 4.31270408799 -1.94888011457
SENSOR 1 4.15616130461 -2.85845991979
SENSOR 2 1.38704444255 2.46415446871
SENSOR 3 2.43826269367 -0.423200342444
SENSOR 7 4.00207196533 -1.66511690649
ODOMETRY -0.000454916674554 0.100046929065 -0.00012276577809
SENSOR 8 4.43851339693 -2.03638342055
SENSOR 1 4.23779263643 -2.85493213715
SENSOR 2 1.62658867011 2.3853781078
SENSOR 3 2.14575738813 -0.355438087834
SENSOR 7 3.98832656572 -1.63602315106
ODOMETRY 0.000568841652529 0.100043527909 0.00019421411033
SENSOR 8 4.43038399555 -2.1467659026
SENSOR 1 4.27289589106 -2.86194579381
SENSOR 2 1.33070128652 2.4284133944
SENSOR 3 1.97515517236 -0.453893945683
SENSOR 7 3.87027187105 -1.49347027146
ODOMETRY 0.000351618401646 0.100050950039 -0.000824288478843
SENSOR 8 4.48932994637 -2.22079042429
SENSOR 1 4.32454032196 -2.93268395418
SENSOR 2 1.65047048587 2.41884928933
SENSOR 3 1.9499357512 -0.490942842041
SENSOR 7 3.92936577095 -1.61796315681
ODOMETRY -0.00064766761664 0.0997704211983 0.000143709358101
SENSOR 8 4.58046419275 -2.11793421939
SENSOR 1 4.36825197989 -2.94339559654
SENSOR 2 1.64230522814 2.55865273625
SENSOR 3 1.85882740532 -0.543749403929
SENSOR 7 3.9834057962 -1.58472664275
ODOMETRY -0.000153526720823 0.10006846962 -0.000337334675384
SENSOR 8 4.71971548591 -2.19042750886
SENSOR 1 4.53675498426 -2.85909082975
SENSOR 2 1.82937908884 2.54501038816
SENSOR 3 1.93879574485 -0.417357184106
SENSOR 7 3.96764171359 -1.72431501224
ODOMETRY 2.96783947095e-05 0.0998645608421 0.000289155191736
SENSOR 8 4.75422256663 -2.15763842745
SENSOR 1 4.57357716297 -2.90716714991
SENSOR 2 2.06294912659 2.59325343834
SENSOR 3 1.67288678091 -0.569977333256
SENSOR 7 3.99139693975 -1.70109563201
ODOMETRY -0.000357584503237 0.0999979583461 0.000343433781639
SENSOR 8 4.72304180002 -2.152587981
SENSOR 1 5.0500335413 -2.8658344534
SENSOR 2 1.98255100087 2.63765385437
SENSOR 3 1.73494869541 -0.681218262697
SENSOR 7 3.99801441934 -1.82089872357
ODOMETRY 0.000620290476892 0.0999470003878 -0.000838335967095
SENSOR 8 4.82000162046 -2.17663416724
SENSOR 1 4.7896984766 -2.93673143552
SENSOR 2 2.09267316967 2.67055169125
SENSOR 3 1.66678325737 -0.602963490775
SENSOR 7 4.01771495745 -1.69028901209
ODOMETRY 0.000382389454005 0.100008694003 -0.000235027366354
SENSOR 8 5.04318864619 -2.22282624467
SENSOR 1 4.90043577351 -2.93806965482
SENSOR 2 2.07615512453 2.67131705355
SENSOR 3 1.31586087173 -0.745758611631
SENSOR 7 3.92899619206 -1.73714423279
ODOMETRY -1.84395846507e-05 0.100015474461 -0.000514385173899
SENSOR 8 4.98826017668 -2.27039501618
SENSOR 9 4.81047660567 -0.805804164487
SENSOR 2 2.22230602404 2.6041674324
SENSOR 3 1.48831597213 -0.723975926163
SENSOR 7 4.08621450402 -1.82319354899
ODOMETRY 3.57442872214e-05 0.099849482409 -0.00105747056724
SENSOR 8 5.24777410731 -2.22368070807
SENSOR 9 4.87521200347 -0.898436213614
SENSOR 2 2.55748708263 2.71176061758
SENSOR 3 1.2838992006 -0.801058095512
SENSOR 7 3.93963818013 -1.81428858108
ODOMETRY -0.000227849495201 0.100052037289 0.000638692661208
SENSOR 9 4.77739612534 -0.858203342542
SENSOR 2 2.51769849113 2.67416607463
SENSOR 3 1.24645217892 -0.852893599077
SENSOR 7 4.03471989557 -1.8113886332
ODOMETRY -0.000159615464035 0.100138867779 -9.50566744297e-05
SENSOR 9 4.85310064919 -0.958324651792
SENSOR 2 2.41599610928 2.73803779326
SENSOR 3 1.1553906277 -0.952297527875
SENSOR 7 4.05847660943 -1.83829462387
ODOMETRY 0.000397083245112 0.0999345504925 -0.000473283143359
SENSOR 9 4.83134105102 -0.987132642593
SENSOR 2 2.66361378317 2.73601068382
SENSOR 3 1.18927270664 -0.98716043606
SENSOR 7 4.1162336909 -1.8197753718
ODOMETRY -0.000125470763969 0.0999261518626 -0.000151801883516
SENSOR 9 4.61875783758 -0.96518540751
SENSOR 2 2.62689728182 2.80385923962
SENSOR 3 1.11000285571 -1.04644745072
SENSOR 7 4.1856772061 -1.91465824865
ODOMETRY 0.00051674063446 0.099933808971 -0.000213359494977
SENSOR 9 4.5731217484 -0.933596753478
SENSOR 2 2.79358478206 2.72787132071
SENSOR 3 1.04564028404 -1.15145302954
SENSOR 7 4.20296979125 -1.95525531732
ODOMETRY -0.00971501482375 0.100264271897 -0.020113587118
SENSOR 9 4.50708334614 -0.981596648297
SENSOR 2 2.64093768252 2.82678324621
SENSOR 3 0.95745692747 -1.2021717145
SENSOR 7 4.0404572769 -1.91753735617
ODOMETRY -0.00979495269449 0.100207385382 -0.0207193396613
SENSOR 9 4.44133108151 -0.970900207211
SENSOR 2 2.84252616526 2.90235411969
SENSOR 3 0.820475495838 -1.26439366844
SENSOR 7 4.26066485438 -1.97960439924
ODOMETRY -0.00945840733493 0.0997416363672 -0.0192691302392
SENSOR 9 4.41905818722 -1.01347587135
SENSOR 2 3.25151909845 2.89909215002
SENSOR 3 0.824161542229 -1.26947648389
SENSOR 7 4.21167767586 -1.94951052841
ODOMETRY -0.0107896472019 0.0999622994726 -0.0203196033722
SENSOR 9 4.38016182003 -0.919127600281
SENSOR 2 3.25239531645 2.96551176917
SENSOR 3 0.799168421998 -1.34825194752
SENSOR 7 4.41379167865 -1.94690314498
ODOMETRY -0.0100929823651 0.0998830113911 -0.0214368042763
SENSOR 9 4.21366414637 -0.874094540558
SENSOR 2 3.25704262584 2.89943426572
SENSOR 3 0.933342221183 -1.458812128
SENSOR 7 4.25311990359 -1.8881350549
ODOMETRY -0.0102199225278 0.100122404777 -0.0195817297686
SENSOR 9 4.29400385507 -0.896845582069
SENSOR 2 3.36123238917 3.07001461157
SENSOR 3 0.883190136452 -1.55236329859
SENSOR 7 4.39258300277 -1.85095546334
ODOMETRY -0.0102103462979 0.100022996897 -0.0194894273573
SENSOR 9 4.29633583493 -0.887367583474
SENSOR 2 3.52280331378 3.04417535495
SENSOR 3 1.02605707606 -1.5599567465
SENSOR 7 4.51584958025 -1.90962202394
ODOMETRY -0.0101219143048 0.0999593379999 -0.01903292462
SENSOR 9 4.16209895112 -0.947187127915
SENSOR 2 3.71418266147 2.96127369837
SENSOR 3 0.814318982694 -1.74701297142
SENSOR 7 4.40269147314 -1.91371592888
ODOMETRY -0.0102675093098 0.0999663112719 -0.020828582237
SENSOR 9 4.21508985997 -0.919004105021
SENSOR 2 3.65228598194 3.13422359082
SENSOR 3 0.785942815706 -1.80341299282
SENSOR 7 4.4121500124 -1.81796805203
ODOMETRY -0.00993610685506 0.0998518398745 -0.0196774541201
SENSOR 9 4.04294692156 -0.861279885
SENSOR 2 3.62963253555 3.11270753834
SENSOR 3 0.764603294406 -1.85046986826
SENSOR 7 4.5150733283 -1.79594989537
ODOMETRY -0.00920022650555 0.0997422621128 -0.0205361764911
SENSOR 9 4.15239188263 -0.970342867078
SENSOR 2 4.03536781642 -3.18307097898
SENSOR 3 0.959547230588 -1.90274929341
SENSOR 7 4.62912917937 -1.84220062871
ODOMETRY -0.00942062964629 0.100105598827 -0.0201986285946
SENSOR 9 3.86218828017 -0.820203419523
SENSOR 2 3.98904457506 -3.1015168922
SENSOR 3 0.972317263121 -2.02451017468
SENSOR 7 4.759816508 -1.77763480945
ODOMETRY -0.0100879322846 0.100124216817 -0.0204597213095
SENSOR 9 3.84507226677 -0.756780522484
SENSOR 2 4.02861108492 -3.10602711471
SENSOR 3 0.864967710233 -2.11102791755
SENSOR 7 4.57459493047 -1.80826633165
ODOMETRY -0.0101517088617 0.100135474519 -0.0205790775163
SENSOR 9 3.72477683615 -0.806235518925
SENSOR 2 4.16243598106 -2.99518962392
SENSOR 3 1.04719137655 -2.03651068405
SENSOR 7 4.52321512866 -1.79913713944
ODOMETRY -0.00971823850713 0.0999199480028 -0.0204816547407
SENSOR 9 3.64162047434 -0.88616331853
SENSOR 2 4.36302387232 -2.92568022823
SENSOR 3 1.22928347043 -2.10617157821
SENSOR 7 4.62149400694 -1.70648061283
ODOMETRY -0.0111880765417 0.100054827041 -0.0203982555608
SENSOR 9 3.73629007345 -0.855429384037
SENSOR 2 4.48880762822 -2.98992498419
SENSOR 3 1.32740155875 -2.1557754481
SENSOR 7 4.7595820948 -1.73437714859
ODOMETRY -0.00973489400755 0.0999924383931 -0.0209377588456
SENSOR 9 3.77039951769 -0.771226097345
SENSOR 2 4.54478520448 -2.96315453347
SENSOR 3 1.18357886708 -2.28360538355
SENSOR 7 4.64536305531 -1.74239721557
ODOMETRY -0.0100121786852 0.10025678063 -0.0196394863452
SENSOR 9 3.73404973174 -0.756291343127
SENSOR 2 4.61556478289 -2.91192792603
SENSOR 3 1.43954214415 -2.31929975771
SENSOR 7 4.78353870157 -1.67530247364
ODOMETRY -0.0104058123165 0.0999078340161 -0.0209340715081
SENSOR 9 3.47519442671 -0.74040904798
SENSOR 2 4.65651656296 -2.79673717715
SENSOR 3 1.41028301965 -2.30057582506
SENSOR 7 4.61708819357 -1.7142056919
ODOMETRY -0.0101442422432 0.0998042353315 -0.0207318624199
SENSOR 9 3.42547727638 -0.810330212894
SENSOR 2 4.74768100721 -2.8865220224
SENSOR 3 1.45281583609 -2.34890487945
SENSOR 7 4.77378177865 -1.69555592571
ODOMETRY -0.0102211646023 0.0999251579643 -0.0207790757232
SENSOR 9 3.43224659745 -0.821374368952
SENSOR 2 4.80086183808 -2.86419776111
SENSOR 3 1.46573078577 -2.3325545795
SENSOR 7 4.72053144783 -1.71266326326
ODOMETRY -0.0102754252738 0.0999975530931 -0.0203595740683
SENSOR 9 3.29389498065 -0.783789486252
SENSOR 2 4.85229132571 -2.80515709507
SENSOR 3 1.51312022187 -2.43758325042
SENSOR 7 4.75783246842 -1.72532501206
ODOMETRY -0.0103809832051 0.0998620778632 -0.0208296162858
SENSOR 9 3.14745442326 -0.713780260596
SENSOR 3 1.66244648686 -2.32807661561
SENSOR 7 4.76953032246 -1.75137410971
ODOMETRY -0.00929254465495 0.100066485581 -0.0201838054256
SENSOR 9 3.12096302703 -0.743186941568
SENSOR 3 1.66093118311 -2.32042340287
SENSOR 7 4.74328322642 -1.70736335902
ODOMETRY -0.0105112165595 0.0999963617275 -0.019982049759
SENSOR 9 2.83281736762 -0.762352819884
SENSOR 3 1.98193438924 -2.39751311729
SENSOR 7 4.91772376321 -1.81704355771
ODOMETRY -0.00997178159358 0.10007277842 -0.0204165193727
SENSOR 9 3.13834733707 -0.772566714417
SENSOR 3 1.83487760385 -2.33603987057
SENSOR 7 4.83543172801 -1.71432653343
ODOMETRY -0.00997485488938 0.10008927649 -0.0205752160593
SENSOR 9 2.83670692168 -0.756396130009
SENSOR 3 2.01548451506 -2.38530065891
SENSOR 7 4.7278151721 -1.72434228152
ODOMETRY -0.00999956312656 0.0999843485035 -0.0203841266107
SENSOR 9 2.82178371405 -0.72337614438
SENSOR 3 2.13509987926 -2.41071162621
SENSOR 7 4.85076805645 -1.69252423587
ODOMETRY -0.00852336100511 0.0999751603682 -0.0211916944332
SENSOR 9 2.81781440496 -0.707830447583
SENSOR 3 2.15429524819 -2.33737596918
SENSOR 7 4.93819684908 -1.67303442489
ODOMETRY -0.00965027219075 0.100288805578 -0.0193228609635
SENSOR 9 2.70652259944 -0.770867163479
SENSOR 3 1.98532644731 -2.40121615474
SENSOR 7 4.85874459717 -1.60635832006
ODOMETRY -0.0102814831601 0.0999564906 -0.0192399073969
SENSOR 9 2.53658906194 -0.759239403864
SENSOR 3 2.53388129973 -2.38165614076
SENSOR 7 4.98552649704 -1.6218876007
ODOMETRY -0.0100748645886 0.100005491921 -0.019984859525
SENSOR 9 2.43367683943 -0.697255466686
SENSOR 3 2.39414891757 -2.41443846459
SENSOR 7 4.9834316653 -1.61655922477
ODOMETRY -0.00985490594572 0.0999352845265 -0.0202863994368
SENSOR 9 2.38853922706 -0.750617843431
SENSOR 3 2.34807142014 -2.40236329019
SENSOR 7 4.84956880083 -1.65706803563
ODOMETRY -0.00981497648521 0.10005706037 -0.0205293727414
SENSOR 9 2.30513859809 -0.713795376745
SENSOR 3 2.52885953187 -2.36395323664
SENSOR 7 4.80035289011 -1.62357491293
ODOMETRY -0.0101980896331 0.100218877764 -0.020478262674
SENSOR 9 2.30283082388 -0.715567562415
SENSOR 3 2.60815965834 -2.29118817018
SENSOR 7 4.98343250586 -1.6729452571
ODOMETRY -0.0101283711756 0.0998195862677 -0.0192700277528
SENSOR 9 2.13536202595 -0.71778534866
SENSOR 3 2.67992588614 -2.38908171914
SENSOR 7 4.91348563149 -1.63448801846
ODOMETRY -0.00889781821812 0.0999086470311 -0.0190099714897
SENSOR 9 2.16768481293 -0.656518867328
SENSOR 3 2.7491968181 -2.46802217665
SENSOR 7 5.00638906973 -1.65640324117
ODOMETRY -0.00927390477241 0.100009300402 -0.0188819052824
SENSOR 9 2.06036311226 -0.626109298885
SENSOR 3 2.77751099598 -2.43714785057
SENSOR 7 4.91592093285 -1.54197963648
ODOMETRY -0.00953762154818 0.100094963619 -0.0200631176614
SENSOR 9 2.04004989525 -0.661783908592
SENSOR 3 2.9149859567 -2.40295482006
SENSOR 7 4.8372688152 -1.56251629567
ODOMETRY -0.0101843489035 0.100170852856 -0.0201491819106
SENSOR 9 1.66733538754 -0.698581202368
SENSOR 3 2.9307627117 -2.38669029861
SENSOR 7 4.93201916584 -1.49123780717
ODOMETRY -0.00990916376395 0.0999830061546 -0.0196696291544
SENSOR 9 1.86806692543 -0.632285525018
SENSOR 3 3.07656599932 -2.30189734788
SENSOR 7 4.97729237349 -1.44254478025
ODOMETRY -0.00936318813765 0.100047562962 -0.0207712598577
SENSOR 9 1.86000913297 -0.769295117027
SENSOR 3 3.19327081586 -2.31845753548
SENSOR 7 4.91726327644 -1.50585217596
ODOMETRY -0.00962072976009 0.10003474407 -0.0201319397141
SENSOR 9 1.43446530858 -0.697594112069
SENSOR 3 3.13888154368 -2.35491864899
SENSOR 7 4.86163354258 -1.52745827549
ODOMETRY -0.0103917618082 0.100096110722 -0.0202924780282
SENSOR 9 1.5937891 -0.767018462963
SENSOR 3 3.03778930726 -2.37581878462
SENSOR 7 4.90982477845 -1.58323594734
ODOMETRY -0.0102274195246 0.0996530537132 -0.0197612833353
SENSOR 9 1.55697370557 -0.787251601032
SENSOR 3 3.33092903126 -2.36291746924
SENSOR 7 5.11027080973 -1.49005454493
ODOMETRY -0.0090319900384 0.10002522485 -0.0203647354664
SENSOR 9 1.27619923588 -0.681234912183
SENSOR 3 3.47097399843 -2.33744508902
SENSOR 7 4.86448662442 -1.43855505732
ODOMETRY -0.0101008198551 0.100056793796 -0.0202019103811
SENSOR 9 1.31009222501 -0.833503306646
SENSOR 3 3.50501745603 -2.25950372396
SENSOR 7 5.04320626284 -1.42786770625
ODOMETRY -0.0102569159023 0.100207516625 -0.0199451843648
SENSOR 9 1.39571281327 -0.801958198715
SENSOR 3 3.57526872507 -2.2334957241
SENSOR 7 4.91052249565 -1.46162122057
ODOMETRY -0.0103397707711 0.0998813934436 -0.0191999580024
SENSOR 9 1.19140221788 -0.86945582523
SENSOR 3 3.65459040438 -2.19794223401
SENSOR 7 4.91158134671 -1.47557273999
ODOMETRY -0.00982335856588 0.100220795869 -0.0197928788826
SENSOR 9 1.14672097564 -0.939720706666
SENSOR 3 3.67353602788 -2.2981427793
SENSOR 7 5.07088791168 -1.44755317677
ODOMETRY -0.010492637874 0.100078403812 -0.0202240532269
SENSOR 9 1.00797285498 -0.92105202352
SENSOR 3 3.80658727703 -2.26185172183
SENSOR 7 4.70899193533 -1.49470541964
ODOMETRY -0.000409685506265 0.100074100741 3.35434933874e-05
SENSOR 9 0.857547483906 -1.00030284767
SENSOR 3 3.63301222154 -2.30451383666
SENSOR 6 4.90713081255 -0.424618148952
SENSOR 7 4.87043730915 -1.51944450917
ODOMETRY -0.000384810922824 0.100071520774 -0.000435455866431
SENSOR 9 0.865178354478 -1.0946089333
SENSOR 3 3.87154824828 -2.28097908386
SENSOR 6 4.72745761299 -0.496893155239
SENSOR 7 4.68178027075 -1.51760631906
ODOMETRY 0.00138651101242 0.100079510814 -0.000438491227614
SENSOR 9 1.05193973633 -1.24556739994
SENSOR 3 3.88544422124 -2.3448780647
SENSOR 6 4.6615159534 -0.436869108029
SENSOR 7 4.91044475526 -1.53423162043
ODOMETRY 7.68654085475e-05 0.100064376896 -0.000347285122512
SENSOR 9 0.716009510292 -1.32231452602
SENSOR 3 4.05836894592 -2.31125693262
SENSOR 6 4.70020191847 -0.390682294868
SENSOR 7 4.86373148685 -1.56929948757
ODOMETRY -0.000366336199071 0.100085296763 0.000194856527543
SENSOR 9 0.718690525633 -1.44144427768
SENSOR 3 3.97174192778 -2.33012742735
SENSOR 6 4.51253709809 -0.491056378731
SENSOR 7 4.82580688187 -1.61311348835
ODOMETRY -0.000542691676545 0.100027219506 -0.000143634057834
SENSOR 9 0.852397954339 -1.52208071018
SENSOR 3 4.02133139088 -2.34538689579
SENSOR 6 4.39394312607 -0.503493763888
SENSOR 7 4.81123460265 -1.5816623073
ODOMETRY -0.000338327098837 0.0999475165511 -0.000696811302053
SENSOR 9 0.999182411112 -1.75140374932
SENSOR 3 4.38012001946 -2.42649949651
SENSOR 6 4.22920452869 -0.49919366625
SENSOR 7 4.7889807136 -1.60415661478
ODOMETRY -0.000475538118084 0.0999099187346 0.000232670934345
SENSOR 9 0.966348996295 -1.77294323319
SENSOR 3 4.34041261911 -2.45399927034
SENSOR 6 4.38277504531 -0.403080760952
SENSOR 7 4.89614467962 -1.57181840762
ODOMETRY 0.000223780781838 0.100011435985 -0.000354022886267
SENSOR 9 0.841981559631 -1.88779721029
SENSOR 3 4.16181256236 -2.41849210558
SENSOR 6 4.18464593756 -0.433336610889
SENSOR 7 4.92423463031 -1.59767873996
ODOMETRY -0.000411390693843 0.100015809683 -0.000502592596897
SENSOR 9 0.777235818058 -1.9338319829
SENSOR 3 4.48736232263 -2.45576116283
SENSOR 6 4.3310058626 -0.436710299463
SENSOR 7 4.83856749609 -1.72409921135
ODOMETRY -4.9832251043e-05 0.100000648532 -0.000385893755535
SENSOR 9 0.934556124574 -2.04988255746
SENSOR 3 4.61386942219 -2.40988018104
SENSOR 6 4.04270041132 -0.544707869243
SENSOR 7 4.82529117944 -1.72896557463
ODOMETRY 3.82607564561e-05 0.100041266732 -0.000669567327995
SENSOR 9 0.976385093206 -2.21825060068
SENSOR 3 4.60087364024 -2.49833542789
SENSOR 6 3.85663249854 -0.473587765132
SENSOR 7 4.69832908576 -1.72444148595
ODOMETRY 0.000347169255971 0.100119005274 0.000472676508502
SENSOR 9 1.04654924484 -2.27392503998
SENSOR 3 4.51360132672 -2.52631209875
SENSOR 6 3.80488060575 -0.493098131544
SENSOR 7 4.93118784271 -1.73826666846
ODOMETRY 0.00062789372328 0.0998413041241 -0.000574518763401
SENSOR 9 1.28463314263 -2.34744957796
SENSOR 3 4.66418397437 -2.52120194012
SENSOR 6 3.69287759951 -0.60259976732
SENSOR 7 4.96873311865 -1.67093594865
ODOMETRY 4.45958922005e-05 0.099874515769 -1.00773737823e-05
SENSOR 9 1.34917868018 -2.3140195494
SENSOR 3 4.83734552807 -2.56309082268
SENSOR 6 3.85457392102 -0.550846124231
SENSOR 7 5.17069916757 -1.70445801834
ODOMETRY -0.000429849063258 0.100004466507 0.000109292387086
SENSOR 9 1.17748940032 -2.45206668831
SENSOR 3 4.92413203652 -2.50830983496
SENSOR 6 3.66624442055 -0.549792364014
SENSOR 7 5.05742255974 -1.82626136427
ODOMETRY 0.000288328519944 0.100035068194 -0.000375613142214
SENSOR 9 1.38120722588 -2.44006770578
SENSOR 3 4.97203634238 -2.52743825179
SENSOR 6 3.34161741639 -0.570724991728
SENSOR 7 4.99645813898 -1.8090953857
ODOMETRY -0.000196437843124 0.100011033773 -0.000844632707627
SENSOR 9 1.45528361765 -2.58420505596
SENSOR 6 3.43854840262 -0.664301994754
ODOMETRY -0.000165775966687 0.099853966532 -0.000227528816011
SENSOR 9 1.51231373679 -2.57014287703
SENSOR 6 3.34543642871 -0.515474866902
ODOMETRY -0.000320427748956 0.0999512716499 -2.01184480738e-05
SENSOR 9 1.5641691951 -2.51026283028
SENSOR 6 3.22435324765 -0.650504358949
ODOMETRY -0.0106019670238 0.100047923549 -0.0204366322955
SENSOR 9 1.59802617089 -2.65772209102
SENSOR 6 3.13292130388 -0.635247283074
ODOMETRY -0.00953419971679 0.0997364068422 -0.0212338845357
SENSOR 9 1.87635789925 -2.55029325464
SENSOR 6 3.19803180081 -0.61824718829
ODOMETRY -0.0107938955733 0.0999832759665 -0.019948987928
SENSOR 9 1.92709236774 -2.52235624435
SENSOR 6 3.17408419033 -0.635819077792
ODOMETRY -0.00944720798648 0.0997678997798 -0.0200192854442
SENSOR 9 2.08411384052 -2.53681319494
SENSOR 6 3.13689739397 -0.542348736916
ODOMETRY -0.00992182327545 0.0999905363988 -0.0204470597834
SENSOR 9 2.15082598548 -2.62559241561
SENSOR 6 2.88367328806 -0.521052906275
ODOMETRY -0.0107301411918 0.100054857862 -0.020207639661
SENSOR 9 2.22403769833 -2.57100159391
SENSOR 6 2.75363345764 -0.59479460609
ODOMETRY -0.00945082622088 0.100028990755 -0.0201896000612
SENSOR 9 2.09934424502 -2.62747192244
SENSOR 6 2.78287775806 -0.566042555815
ODOMETRY -0.0105102453842 0.100075137611 -0.0192110813252
SENSOR 9 2.338760347 -2.49919139221
SENSOR 6 2.56098570013 -0.578280755328
ODOMETRY -0.0101091445014 0.100056942868 -0.0202496882834
SENSOR 9 2.36371658684 -2.5456740025
SENSOR 6 2.48771994856 -0.552245239548
ODOMETRY -0.0105145489253 0.0999902746701 -0.0199986389786
SENSOR 9 2.30062771488 -2.4977087584
SENSOR 6 2.32217047438 -0.47768834283
ODOMETRY -0.00999561666508 0.100200722106 -0.0217016192012
SENSOR 9 2.69247943647 -2.5972744536
SENSOR 6 2.29849519971 -0.514286070901
ODOMETRY -0.010253509794 0.100305119325 -0.0200365313116
SENSOR 9 2.64982989713 -2.51698914589
SENSOR 6 2.33543764513 -0.534136974728
ODOMETRY -0.0100944966646 0.0999733101366 -0.0195079687298
SENSOR 9 2.65729068137 -2.4978812086
SENSOR 6 2.25095104345 -0.479210081653
ODOMETRY -0.0101074082596 0.100018773417 -0.0203868508626
SENSOR 9 2.76716235897 -2.47752317338
SENSOR 6 2.19825407926 -0.543379843286
ODOMETRY -0.0109280904874 0.0997445246948 -0.0208338946471
SENSOR 9 2.82396899412 -2.40545832185
SENSOR 6 2.08789424755 -0.434451182334
ODOMETRY -0.0107904208075 0.0999745501611 -0.0198457813547
SENSOR 9 3.02311813001 -2.51712047
SENSOR 6 1.66907092363 -0.416834784118
ODOMETRY -0.0103341393326 0.100132555892 -0.0180094112365
SENSOR 9 3.10995984838 -2.46182237293
SENSOR 5 4.84530946037 -0.68517513493
SENSOR 6 1.84740462156 -0.4478152927
ODOMETRY -0.0093722070032 0.0999685977667 -0.0205683448261
SENSOR 9 3.18055380157 -2.54857343644
SENSOR 5 4.85891633668 -0.668366244332
SENSOR 6 1.7842152426 -0.488946347808
ODOMETRY -0.00862092621645 0.0999477605626 -0.0201202350172
SENSOR 9 3.18570431347 -2.4008945257
SENSOR 5 4.82710109983 -0.641400105429
SENSOR 6 1.69943263258 -0.496469425827
ODOMETRY -0.00955765207066 0.0998476554338 -0.0193197473497
SENSOR 9 3.12127195258 -2.50049803812
SENSOR 5 4.6819032733 -0.546305815709
SENSOR 6 1.52508719469 -0.510818201368
ODOMETRY -0.0107711066964 0.0998042129527 -0.0201829660088
SENSOR 9 3.31709033712 -2.52196405386
SENSOR 5 4.52960727679 -0.622632344915
SENSOR 6 1.51555197181 -0.483700179613
ODOMETRY -0.0106692873467 0.0999978549067 -0.0205636007303
SENSOR 9 3.42310838562 -2.36206432124
SENSOR 5 4.53794828327 -0.53418400183
SENSOR 6 1.32931304322 -0.479413416386
ODOMETRY -0.00969674555054 0.0998579824931 -0.0192695637893
SENSOR 9 3.62733239979 -2.38022351036
SENSOR 5 4.37234874991 -0.563371428817
SENSOR 6 1.35890639216 -0.514900037794
ODOMETRY -0.00975243761561 0.100084972125 -0.0190526733648
SENSOR 9 3.43664804548 -2.47845457513
SENSOR 5 4.40241684214 -0.528424774865
SENSOR 6 1.17344456537 -0.549352353621
ODOMETRY -0.0105945853572 0.099872757633 -0.0202805754787
SENSOR 9 3.80772091573 -2.35409908276
SENSOR 5 4.46937021002 -0.511246038945
SENSOR 6 1.00904981044 -0.564861088059
ODOMETRY -0.00995270901101 0.0998530081873 -0.0196783662529
SENSOR 9 3.70815619706 -2.33452606743
SENSOR 5 4.19090804798 -0.41877794872
SENSOR 6 0.970116554577 -0.588881190644
ODOMETRY -0.0101020973665 0.0996707383779 -0.0208528795957
SENSOR 9 3.93638331662 -2.39850836779
SENSOR 5 4.04290760143 -0.509604308379
SENSOR 6 0.936990845675 -0.532229510423
ODOMETRY -0.00952254950204 0.100022587336 -0.0207743450449
SENSOR 9 3.89900313788 -2.29477366101
SENSOR 5 4.04895138463 -0.395215981692
SENSOR 6 0.812825950143 -0.453553346142
ODOMETRY -0.0102732233681 0.100133765982 -0.0196922288135
SENSOR 9 3.83279766773 -2.28070886372
SENSOR 5 3.97813591759 -0.429269072296
SENSOR 6 0.726811888974 -0.639211553277
ODOMETRY -0.0101417504752 0.100047146406 -0.0198861805906
SENSOR 9 4.04297272457 -2.31829642551
SENSOR 5 3.76824204267 -0.351220156141
SENSOR 6 0.84698052247 -0.696946949932
ODOMETRY -0.00976555837785 0.0999392737943 -0.0202600749042
SENSOR 9 3.94891278215 -2.28260593235
SENSOR 5 3.83680044028 -0.432572464986
SENSOR 6 0.395680522971 -0.655795908392
ODOMETRY -0.010049358612 0.0997832887798 -0.019839016952
SENSOR 9 3.98941732805 -2.3427601836
SENSOR 5 3.75748779569 -0.363585653423
SENSOR 6 0.419326712016 -0.767405627964
ODOMETRY -0.00990804911868 0.100063160013 -0.0199924290762
SENSOR 9 4.42622114477 -2.40283616777
SENSOR 5 3.59908359045 -0.401154962684
SENSOR 6 0.536372367698 -0.912498729021
ODOMETRY -0.0104411710858 0.0999733210449 -0.0202707137229
SENSOR 9 4.2655392474 -2.20254764796
SENSOR 5 3.5048753415 -0.324920330739
SENSOR 6 0.51173051641 -1.06886376241
ODOMETRY -0.00958796560624 0.0997012356948 -0.0190106918502
SENSOR 9 4.34567969478 -2.35381026389
SENSOR 5 3.30597120213 -0.412290519769
SENSOR 6 0.20325124874 -1.31986021336
ODOMETRY -0.00945910338498 0.0999239188151 -0.0214393518247
SENSOR 9 4.38166645197 -2.30347835146
SENSOR 5 3.22212240616 -0.28102949825
SENSOR 6 0.485918242069 -1.5413027657
ODOMETRY -0.00936872176157 0.100063167686 -0.0195376694399
SENSOR 9 4.48649572512 -2.24697957965
SENSOR 5 3.34522913193 -0.234888669301
SENSOR 6 0.500504821212 -1.84549274519
ODOMETRY -0.00924626532071 0.100289629903 -0.0204452803265
SENSOR 9 4.38285686125 -2.31796805291
SENSOR 5 3.2253313986 -0.336497877248
SENSOR 6 0.439532705962 -1.90081031321
ODOMETRY -0.01000714381 0.100038563302 -0.019511177285
SENSOR 9 4.55722929609 -2.24131015351
SENSOR 5 2.9839122976 -0.197934642549
SENSOR 6 0.574357838755 -2.17478748907
ODOMETRY -0.00944955204624 0.10018930828 -0.0190846444645
SENSOR 9 4.65611466523 -2.15413569161
SENSOR 5 2.74522288695 -0.143269371669
SENSOR 6 0.360293528261 -2.29140075438
ODOMETRY -0.00989104084324 0.0999598344613 -0.0188963355752
SENSOR 9 4.67549235193 -2.2547342678
SENSOR 5 2.71660050275 -0.224341183559
SENSOR 6 0.430936386021 -2.38808484232
ODOMETRY -0.00939876434182 0.0999176579476 -0.0204354275234
SENSOR 9 4.7295769119 -2.24776588052
SENSOR 5 2.8209588612 -0.184612197348
SENSOR 6 0.678975349504 -2.39838829822
ODOMETRY -0.00984260589012 0.0999049920184 -0.0204207671229
SENSOR 9 4.869136985 -2.22984653418
SENSOR 5 2.53472429795 -0.0979438474725
SENSOR 6 0.724677994461 -2.47062007294
ODOMETRY -0.0106220820001 0.0999476383789 -0.018951076035
SENSOR 9 4.83972948952 -2.2017291975
SENSOR 5 2.41938626893 -0.0722766789081
SENSOR 6 0.896483545718 -2.50133568907
ODOMETRY -0.00894165782255 0.0998037580051 -0.0205485067311
SENSOR 9 4.79978469006 -2.0771865507
SENSOR 5 2.44031736377 -0.0451271960902
SENSOR 6 0.892706720609 -2.53051031897
ODOMETRY -0.00957465262851 0.0998659692323 -0.0205930146175
SENSOR 9 4.96198478686 -2.1451611355
SENSOR 5 2.47950904793 -0.0215694258122
SENSOR 6 1.10799154666 -2.54106679813
ODOMETRY -0.0100525455681 0.100337319608 -0.0205497252019
SENSOR 5 2.26894342284 -0.0418532807452
SENSOR 6 1.0656324647 -2.61108195515
ODOMETRY -0.00943091267911 0.100196441839 -0.0204474262183
SENSOR 5 1.9900024526 -0.0587920688072
SENSOR 6 1.25664957166 -2.54040872029
ODOMETRY -0.0106675969581 0.100069072476 -0.0198298367329
SENSOR 5 2.06876472771 0.0347353602678
SENSOR 6 1.30479718818 -2.63957544017
ODOMETRY -0.0109501726772 0.099656204344 -0.0197480529382
SENSOR 4 4.84903369134 -0.25676242683
SENSOR 5 1.95099797266 0.0604548438905
SENSOR 6 1.41276478857 -2.60038303448
ODOMETRY -0.0100590106676 0.10023557322 -0.0195720926297
SENSOR 4 4.78300024277 -0.184611496152
SENSOR 5 1.61457584315 0.0300012667976
SENSOR 6 1.33645903435 -2.65659019827
ODOMETRY 0.00032218948586 0.0998511803331 0.0003472668121
SENSOR 4 4.61809557694 -0.235944730585
SENSOR 5 1.67346172256 0.0980438083583
SENSOR 6 1.56764537893 -2.65826963558
ODOMETRY 0.000579000360448 0.100089931179 -0.000362694330933
SENSOR 4 4.61773693027 -0.233895064666
SENSOR 5 1.66054407293 0.136649840485
SENSOR 6 1.46408042321 -2.68709021799
ODOMETRY -0.00044089900061 0.0999353750811 -1.34281290757e-05
SENSOR 4 4.55480271918 -0.2913216657
SENSOR 5 1.50100988483 0.0822156400295
SENSOR 6 1.65425176466 -2.6843419931
SENSOR 7 5.04255929223 -1.4135258173
ODOMETRY 0.000562113155451 0.100147932789 -0.000142894973449
SENSOR 4 4.64418998385 -0.161422957882
SENSOR 5 1.29375310016 0.123150135765
SENSOR 6 1.77502447071 -2.80258703114
SENSOR 7 5.01260808028 -1.45772167011
ODOMETRY -0.000226406399014 0.0999909834075 0.000810043165928
SENSOR 4 4.39606723221 -0.276669971263
SENSOR 5 1.13430771004 -0.00962817617611
SENSOR 6 2.02721972825 -2.77395719223
SENSOR 7 5.01335185372 -1.38085423243
ODOMETRY -0.000121224257881 0.100003849424 -0.000161822234677
SENSOR 4 4.21055927653 -0.283655804258
SENSOR 5 1.22819950733 0.226306705038
SENSOR 6 2.06103141149 -2.83245000998
SENSOR 7 4.98179803298 -1.28932243622
ODOMETRY -0.000110963942142 0.100018911481 -0.000521393454382
SENSOR 4 4.17076128421 -0.255955030358
SENSOR 5 1.05714325417 0.21158075001
SENSOR 6 2.05801724245 -2.81179075528
SENSOR 7 4.86315022266 -1.34949497751
ODOMETRY 0.000581673049888 0.0999432751717 0.00043900315162
SENSOR 4 4.13152266208 -0.243662897715
SENSOR 5 1.05442924658 0.0889859691676
SENSOR 6 2.35710025687 -2.82505124292
SENSOR 7 4.95998239128 -1.37541098571
ODOMETRY -0.000643014075002 0.100046662876 -0.00030597139561
SENSOR 4 3.82306989928 -0.212313306236
SENSOR 5 0.968305923429 0.23047472434
SENSOR 6 2.40627348405 -2.87087242804
SENSOR 7 5.034472876 -1.44522298097
ODOMETRY 0.000980857762591 0.100010654979 -0.000435006611772
SENSOR 4 3.83451139593 -0.378927701924
SENSOR 5 0.795567173767 0.257190386142
SENSOR 6 2.21053118472 -2.90470139087
SENSOR 7 4.7748297548 -1.54836287468
ODOMETRY -0.000609935109904 0.0998848209643 0.000251078083048
SENSOR 4 3.88367571854 -0.326496453728
SENSOR 5 0.891277185527 0.280971348661
SENSOR 6 2.10999985974 -2.83168707465
SENSOR 7 5.05295173972 -1.45560081735
ODOMETRY -0.000179010067717 0.0999576062388 -0.000710880596247
SENSOR 4 3.58613036757 -0.288767287002
SENSOR 5 0.460401798273 0.26480686479
SENSOR 6 2.51029465932 -2.79685383309
SENSOR 7 4.67903549074 -1.4966253335
ODOMETRY 1.98323569268e-05 0.100165214307 -0.000147014308583
SENSOR 4 3.44937417841 -0.286872026407
SENSOR 5 0.568629217557 0.3018303773
SENSOR 6 2.64470410896 -2.83673237411
SENSOR 7 4.95577954911 -1.60816903758
ODOMETRY -6.60853800921e-05 0.0999758509541 -0.000131327398541
SENSOR 4 3.52642298111 -0.249961503109
SENSOR 5 0.307880568887 0.424643724602
SENSOR 6 2.9217035269 -2.82543551976
SENSOR 7 4.94775483194 -1.64578415856
ODOMETRY -0.000759236874724 0.0999210873642 0.000484464597198
SENSOR 4 3.21537221573 -0.253278443559
SENSOR 5 0.343826600928 0.517766599935
SENSOR 6 2.96764243571 -2.91298298802
SENSOR 7 4.82932486066 -1.61976963793
ODOMETRY -0.000932651491047 0.0999034758275 -0.000522681021362
SENSOR 4 3.34936193071 -0.304748576464
SENSOR 5 0.343347061969 0.659117686955
SENSOR 6 2.92855535028 -2.93282234469
SENSOR 7 4.96462452817 -1.57447287405
ODOMETRY -0.000512470689375 0.100057311486 -0.000223205440965
SENSOR 4 3.15778244056 -0.292102213421
SENSOR 5 0.141707586712 1.03014356599
SENSOR 6 3.04256842701 -2.97112353332
SENSOR 7 4.88037499079 -1.5496709461
ODOMETRY 0.000238123279006 0.100087562421 -0.000865450974989
SENSOR 4 2.96773449222 -0.400216479435
SENSOR 5 0.166308403676 1.68239382754
SENSOR 6 3.2230949285 -2.84004575595
SENSOR 7 4.91301700642 -1.67498948311
ODOMETRY -3.76056555742e-05 0.100065617658 -4.08741242394e-05
SENSOR 4 3.03622795588 -0.3620980622
SENSOR 5 0.0739583240574 2.14869048053
SENSOR 6 3.17408809462 -2.89186031506
SENSOR 7 4.82002295209 -1.68843402387
ODOMETRY 9.89402028077e-05 0.100031416967 0.000622005123179
SENSOR 4 2.95157073999 -0.298610621477
SENSOR 5 0.346488097492 2.53355576934
SENSOR 6 3.33016113401 -2.94286515757
SENSOR 7 4.69924250353 -1.63435353961
ODOMETRY -0.000614027545778 0.0998786193061 0.000335491924434
SENSOR 4 2.65038997064 -0.385126318151
SENSOR 5 0.475971024403 2.72737519418
SENSOR 6 3.28812237005 -2.94355501192
SENSOR 7 5.00297279413 -1.698122639
ODOMETRY 0.000585614314283 0.100042839545 -0.000255406282724
SENSOR 4 2.79626548779 -0.410138412521
SENSOR 5 0.445022945829 2.75937150553
SENSOR 6 3.5871783697 -2.9914922394
SENSOR 7 4.93493808652 -1.67217695255
ODOMETRY 0.000817797256546 0.10004345351 -0.000487946838883
SENSOR 4 2.60262150979 -0.352966199072
SENSOR 5 0.424676452945 2.88901052149
SENSOR 6 3.59691006575 -2.90660639627
SENSOR 7 5.01623167981 -1.69282038613
ODOMETRY -0.00016985459687 0.100166813627 -0.000416138794345
SENSOR 4 2.46722391333 -0.358689330939
SENSOR 5 0.728410082203 2.92696771892
SENSOR 6 3.69931602325 -3.05769449119
SENSOR 7 4.90911588997 -1.77993287749
ODOMETRY -0.000740161239631 0.099946466571 -0.000579137321138
SENSOR 4 2.50405584523 -0.404329629294
SENSOR 5 0.864756251687 2.99635813382
SENSOR 6 3.694743825 -2.9873286948
SENSOR 7 5.15715332497 -1.79515477029
ODOMETRY -0.000437083188435 0.0999808804556 0.000890801419272
SENSOR 4 2.3572469846 -0.389096966534
SENSOR 5 0.690146888284 3.02349390737
SENSOR 6 3.82334501138 -2.94734888733
SENSOR 7 5.08073719006 -1.96855887202
ODOMETRY -0.000874321925873 0.0999458696968 8.56945566271e-05
SENSOR 4 2.39888918079 -0.447117217511
SENSOR 5 0.86023668679 2.97547735845
SENSOR 6 4.02081163778 -3.00390373732
SENSOR 7 4.94627758776 -1.84427858261
ODOMETRY 0.000722779780641 0.0999986517393 0.00100112905585
SENSOR 4 2.01316130595 -0.546108056049
SENSOR 5 1.11128398567 2.98869875224
SENSOR 6 4.02424492244 -3.018021057
ODOMETRY 0.000377322274251 0.100032482955 -0.00100476153
SENSOR 8 5.01132216348 -1.53027093874
SENSOR 4 2.03598667275 -0.476272706599
SENSOR 5 1.09095914672 2.96118594496
SENSOR 6 4.3717601905 -2.98400041644
ODOMETRY 0.000103285068718 0.099844928892 -0.000212903744611
SENSOR 8 5.17695382649 -1.35967510436
SENSOR 4 1.91464611544 -0.600068436416
SENSOR 5 1.08900775511 3.08373128697
SENSOR 6 4.19316351805 -2.91766656154
ODOMETRY -0.000570983954104 0.0998006835355 -0.000393736445336
SENSOR 8 5.15080883731 -1.48740727836
SENSOR 4 2.02497851696 -0.578411591445
SENSOR 5 1.30252982062 3.01039498199
SENSOR 6 4.43300767063 -3.01734145055
ODOMETRY -2.79671436544e-05 0.0998387645732 -0.000172575912285
SENSOR 8 5.05417653953 -1.55508198493
SENSOR 4 1.81998768919 -0.589913446142
SENSOR 5 1.4171179651 3.01420890049
SENSOR 6 4.39733320483 -3.03987545128
ODOMETRY 0.000154785369827 0.100049969349 -6.59255211347e-05
SENSOR 8 4.7709666279 -1.56083794768
SENSOR 4 1.80337424176 -0.593466054092
SENSOR 5 1.41925272588 2.99769789771
SENSOR 6 4.67820931238 -3.01711900396
ODOMETRY 2.9493271041e-06 0.100159646483 -0.000173111161273
SENSOR 8 4.84159660561 -1.54918018097
SENSOR 4 1.82853556343 -0.569756852067
SENSOR 5 1.71577232664 3.0165812116
SENSOR 6 4.79685312377 -2.9847854511
ODOMETRY 0.000221347429842 0.0999932542251 4.61710003609e-07
SENSOR 8 5.11162860306 -1.61584624651
SENSOR 4 1.5265973046 -0.698443125143
SENSOR 5 1.87975210097 3.07441562447
SENSOR 6 4.79042617381 -2.99754572527
ODOMETRY -0.000405236126401 0.0999594867741 0.000478836098344
SENSOR 8 4.95247394004 -1.64180502137
SENSOR 4 1.40458146476 -0.739963772181
SENSOR 5 1.69547184588 3.05159115769
SENSOR 6 5.00699834265 -2.93022199182
ODOMETRY -0.000129778290186 0.100097526781 -0.000617912497951
SENSOR 8 4.84392396805 -1.66080039076
SENSOR 4 1.5250332195 -0.80762237269
SENSOR 5 1.90559694082 3.01771398812
ODOMETRY 0.000804014964526 0.0999935926395 -0.000596752473398
SENSOR 8 5.03816901895 -1.6392643647
SENSOR 4 1.33648084058 -0.923159854907
SENSOR 5 2.0728823718 3.07145005502
ODOMETRY 0.000519512157444 0.100005601916 -0.000442481296122
SENSOR 8 5.19392104898 -1.63366696299
SENSOR 4 1.25390352011 -0.917688809139
SENSOR 5 2.0259117092 3.08680953208
ODOMETRY 0.000518545149269 0.100106672256 -0.000680085566896
SENSOR 8 5.29401573737 -1.73879394236
SENSOR 4 1.25455552507 -0.947615371233
SENSOR 5 2.26095034783 3.08398466845
ODOMETRY 0.0003357688657 0.100163222892 0.000110244551625
SENSOR 4 1.18312614702 -0.960995111536
SENSOR 5 2.26763043052 3.06934406894
ODOMETRY 0.000430850653941 0.0998367411175 0.000835973060685
SENSOR 4 1.06923121207 -1.14245049279
SENSOR 5 2.33774634921 3.00551613523
ODOMETRY 0.000489529512024 0.100012584977 -0.000263665335503
SENSOR 4 1.2373128062 -1.07140205445
SENSOR 5 2.49745639729 3.08271863901
ODOMETRY -0.000589244263489 0.0999165477319 -9.5595714624e-05
SENSOR 4 0.968959950322 -1.26337247618
SENSOR 5 2.62041754054 3.01523208133
ODOMETRY -0.000178313151141 0.0998288421603 0.000563850386206
SENSOR 4 0.973229245782 -1.35029523152
SENSOR 5 2.66844887 3.16511831978
ODOMETRY 6.62697092569e-05 0.0999660081459 -0.000849667064106
SENSOR 4 1.04401463963 -1.42097694493
SENSOR 5 2.90415604808 3.11236112414
ODOMETRY 1.76914660159e-05 0.0999563005623 -0.00022885927661
SENSOR 4 1.29437510247 -1.5289011353
SENSOR 5 2.86396714602 3.08794930644
ODOMETRY -8.02534406911e-05 0.10005961832 0.000126344672006
SENSOR 4 0.992465959838 -1.72689703438
SENSOR 5 3.08803485591 3.09714739683
ODOMETRY -0.000662008997776 0.100086753897 0.000952775856129
SENSOR 4 1.19052341306 -1.75400630169
SENSOR 5 2.99736224351 3.15818817489
ODOMETRY 0.000245798218798 0.100099488833 -0.000116288884125
SENSOR 4 1.26027041169 -1.8362468384
SENSOR 5 3.26078579751 3.06249765301
ODOMETRY -0.00033066993293 0.10003421658 -0.202502535572
SENSOR 4 1.08653704795 -1.65436051584
SENSOR 5 3.30638523314 -3.02907186109
ODOMETRY -0.00075296627474 0.100052859928 -0.20001891421
SENSOR 4 1.00516039982 -1.57517898237
SENSOR 5 3.40635747101 -2.78095552683
ODOMETRY 0.000501575370796 0.0998696800146 -0.199776317342
SENSOR 4 1.30078775238 -1.48379307405
SENSOR 5 3.58906657882 -2.58732029875
ODOMETRY 0.00103777344155 0.100244656587 -0.199153835376
SENSOR 4 1.10268089092 -1.33538019579
SENSOR 5 3.63795196178 -2.43550574418
ODOMETRY 0.000583926909874 0.0999196567154 -0.201308212751
SENSOR 4 0.852015029986 -1.23189302192
SENSOR 5 3.49341886213 -2.13489304804
ODOMETRY -0.000702643132925 0.0998534882331 -0.199839163491
SENSOR 4 1.09049968489 -1.18367693384
SENSOR 5 3.70974881309 -2.08550945479
ODOMETRY 0.00080685758902 0.0999827967374 -0.20187053928
SENSOR 4 0.985595018522 -1.026631531
SENSOR 5 3.79448985354 -1.87589673757
ODOMETRY 0.000449461350091 0.0997289080576 -0.200478965583
SENSOR 8 4.88387824366 -0.437902554008
SENSOR 4 0.966528654972 -1.01253901348
SENSOR 5 3.78046518483 -1.66844353581
ODOMETRY -0.000301789696019 0.0999700743532 -0.0492710535856
SENSOR 8 4.81134234525 -0.431537430157
SENSOR 4 0.966134452834 -1.02130491029
SENSOR 5 3.9232853476 -1.59781660554
ODOMETRY -0.000414497573217 0.100011669694 0.000415877323683
SENSOR 8 4.81561768132 -0.408368753456
SENSOR 4 0.997563887482 -1.00808040996
SENSOR 5 4.09903612696 -1.70829343966
ODOMETRY -0.000759856533389 0.100030188988 2.25987579258e-05
SENSOR 8 4.77967072204 -0.373187510037
SENSOR 4 0.609158909746 -1.21111883929
SENSOR 5 3.78000240925 -1.65403284021
ODOMETRY 0.000704420580316 0.100169184112 -0.000101490126114
SENSOR 8 4.59679993159 -0.378838534461
SENSOR 4 0.790242431879 -1.31685583208
SENSOR 5 3.98771440777 -1.83020211246
ODOMETRY 0.000181557542154 0.100069708857 1.42478443593e-05
SENSOR 8 4.56778014001 -0.36613383574
SENSOR 4 0.87510561166 -1.44831905134
SENSOR 5 3.87525047323 -1.69256375124
ODOMETRY -0.000777139765299 0.1001417134 -0.00079200434962
SENSOR 8 4.19719632604 -0.261534202769
SENSOR 4 0.858714246901 -1.53468371952
SENSOR 5 3.88133145769 -1.75822599281
ODOMETRY 0.000360097094215 0.099919858615 -0.000121148783857
SENSOR 8 4.50715584911 -0.257455481657
SENSOR 4 0.787839207734 -1.58174432401
SENSOR 5 4.12358900842 -1.77519503753
ODOMETRY -0.000601647256999 0.0999647688218 -0.000411683851064
SENSOR 8 4.22862787626 -0.44728691843
SENSOR 4 0.932444153153 -1.83107179516
SENSOR 5 3.91727595377 -1.93801251626
ODOMETRY 4.90470373133e-05 0.100023238224 -0.000456455642778
SENSOR 8 4.11192345096 -0.406862494981
SENSOR 4 0.891217535437 -1.8607564518
SENSOR 5 3.98253276681 -1.89291512866
ODOMETRY 0.000785549997395 0.0999799616059 -0.000330360071553
SENSOR 8 3.9289851575 -0.449194984839
SENSOR 4 1.00167156057 -2.01967696204
SENSOR 5 4.14363178156 -1.87819047788
ODOMETRY -6.72413622959e-05 0.0999083237113 -0.000170062936099
SENSOR 8 3.95153552594 -0.509158125128
SENSOR 4 0.821664421208 -2.09663665678
SENSOR 5 4.16031964143 -1.96049724379
ODOMETRY 9.25859288234e-05 0.100001045345 0.000410994946873
SENSOR 8 4.00269128543 -0.502870036672
SENSOR 4 0.918246651355 -2.15061774972
SENSOR 5 4.18294453461 -1.98228526459
ODOMETRY -0.0002943371593 0.100037928614 -0.000456088383145
SENSOR 8 3.79290718386 -0.417157050609
SENSOR 4 1.02284237301 -2.15575466276
SENSOR 5 4.08283726349 -1.97294438441
ODOMETRY 0.000940263528964 0.0999674482045 0.000501767783166
SENSOR 8 3.88138515918 -0.514811538337
SENSOR 4 1.00490629589 -2.35600588873
SENSOR 5 4.18955189506 -1.95466742279
SENSOR 7 4.98499643512 -0.760610149068
ODOMETRY -0.000152778980638 0.0999999474003 0.00132375693796
SENSOR 8 3.56945668288 -0.534221926119
SENSOR 4 1.20354433787 -2.4127474104
SENSOR 5 4.22957670694 -2.09874712758
SENSOR 7 4.99776806826 -0.890795466541
ODOMETRY 0.00035756875864 0.0999491733674 -4.5966767141e-05
SENSOR 8 3.36658801475 -0.485774717208
SENSOR 4 1.25530485362 -2.40777577181
SENSOR 5 4.19578088512 -2.13354293921
SENSOR 7 4.61744207403 -0.961305296424
ODOMETRY -0.000284518151215 0.099906976938 0.00078841137723
SENSOR 8 3.60894625765 -0.50632839355
SENSOR 4 1.34186357812 -2.52872581674
SENSOR 5 4.23360437477 -2.13313777171
SENSOR 7 4.91039126956 -0.875796833263
ODOMETRY 0.000606393069801 0.100233353139 0.000881680707527
SENSOR 8 3.46127890783 -0.565370507185
SENSOR 4 1.41736771362 -2.57107109822
SENSOR 5 4.26754732102 -2.04820737799
SENSOR 7 4.63176475722 -0.925353424147
ODOMETRY -9.95037351493e-05 0.100057160996 5.1179037987e-05
SENSOR 8 3.31021687755 -0.578276719592
SENSOR 4 1.24650229452 -2.56023060759
SENSOR 5 4.21212445252 -2.06242062662
SENSOR 7 4.70694640847 -0.892263945175
ODOMETRY -0.00037265751809 0.0998440295294 -0.000708863996711
SENSOR 8 3.29017114738 -0.5666416654
SENSOR 4 1.40037409227 -2.63005405854
SENSOR 5 4.42372428685 -2.02713569291
SENSOR 7 4.51277082853 -0.937391880516
ODOMETRY 0.000549130179465 0.100288755278 1.82426624936e-05
SENSOR 8 3.16354926129 -0.650027075034
SENSOR 4 1.56581587238 -2.64689180914
SENSOR 5 4.56961487012 -2.06675043777
SENSOR 7 4.38471094611 -0.972289005796
ODOMETRY 0.000645178622869 0.100100339465 0.000192909709343
SENSOR 8 2.77057282962 -0.623234920866
SENSOR 4 1.77583036548 -2.72740306333
SENSOR 5 4.51666797485 -2.10003063596
SENSOR 7 4.35278661115 -1.06562270814
ODOMETRY 0.000220714748943 0.100146506964 -5.5813601736e-05
SENSOR 8 3.03740228237 -0.550455398411
SENSOR 4 1.8624492249 -2.72680554325
SENSOR 5 4.67196649744 -2.18447056445
SENSOR 7 4.39648251174 -1.01413606174
ODOMETRY -5.98619821553e-05 0.100148613965 0.000573344502251
SENSOR 8 2.7278804723 -0.628672938564
SENSOR 4 1.86366000409 -2.79069775944
SENSOR 5 4.66578141022 -2.08932932486
SENSOR 7 4.33487504614 -1.10438718949
ODOMETRY -0.000254395332147 0.100024640789 -0.000652688628961
SENSOR 8 2.56015428625 -0.67117844422
SENSOR 4 2.04180033566 -2.67797111569
SENSOR 5 4.57408937008 -2.20314984329
SENSOR 7 4.29239512231 -0.997949271689
ODOMETRY -0.000292250195526 0.0997511320397 -9.83808886044e-05
SENSOR 8 2.72022086244 -0.695356021114
SENSOR 4 2.02918390862 -2.74585989066
SENSOR 5 4.71390230158 -2.17310210951
SENSOR 7 4.25828714996 -1.02936430776
ODOMETRY 0.000357262499533 0.0998075757931 -0.000666443084714
SENSOR 8 2.62623417118 -0.750471723584
SENSOR 1 4.94718779801 0.154528557539
SENSOR 4 2.3634761234 -2.8010846603
SENSOR 5 4.94601814532 -2.24508315079
SENSOR 7 4.34678367104 -1.03310054474
ODOMETRY -7.64304058285e-05 0.0998892133306 -0.000859021990686
SENSOR 8 2.42744412012 -0.777132921782
SENSOR 1 4.95896046218 0.00996216000222
SENSOR 4 2.32895901265 -2.78283197663
SENSOR 5 5.01790714386 -2.29030546408
SENSOR 7 4.26464120422 -1.11911392109
ODOMETRY 9.21665546004e-05 0.0998967435925 0.000385948024594
SENSOR 8 2.26591011781 -0.788648671624
SENSOR 1 4.75505557319 0.0837556730636
SENSOR 4 2.49676323824 -2.91181576786
SENSOR 5 4.81530740064 -2.26659069566
SENSOR 7 4.17392574758 -1.16985248411
ODOMETRY -0.000187481724296 0.0999950597605 -7.20515157633e-05
SENSOR 8 2.47675207959 -0.826591574279
SENSOR 1 4.67777813782 0.0920068525674
SENSOR 4 2.66877558249 -2.79790119519
SENSOR 7 3.98859244528 -1.05372936242
ODOMETRY 0.000565775881756 0.100130752871 0.00046768640825
SENSOR 8 2.32402499802 -0.873627246347
SENSOR 1 4.61288204783 0.0730722817372
SENSOR 4 2.64002607037 -2.75912386153
SENSOR 7 4.11400979091 -1.05867248438
ODOMETRY -0.000504678080456 0.100138281338 -0.000176396449462
SENSOR 8 2.10660515224 -0.775733009255
SENSOR 1 4.49732848596 0.1399407981
SENSOR 4 2.70805985015 -2.73790544347
SENSOR 7 3.80458322393 -1.15161342715
ODOMETRY -0.000545484301199 0.099887781115 0.000779096774788
SENSOR 8 2.1033328619 -0.978837993775
SENSOR 1 4.15012235247 0.115198940166
SENSOR 4 2.96559499127 -2.93468967821
SENSOR 7 3.84434779444 -1.24369085168
ODOMETRY 0.00107575864537 0.0998095404138 -0.00137182038578
SENSOR 8 1.9528490621 -0.96980216209
SENSOR 1 4.2190898955 0.0543250036884
SENSOR 4 2.99472589409 -2.77283231003
SENSOR 7 4.12265478835 -1.29723843464
ODOMETRY -0.000397231850927 0.099816854061 0.000108127268484
SENSOR 8 2.05640355738 -1.0023417256
SENSOR 1 4.09120868689 0.0416921883954
SENSOR 4 2.98268677711 -2.92992008808
SENSOR 7 4.12487146657 -1.2688588886
ODOMETRY -0.000265772398546 0.100036458306 -0.000370302324979
SENSOR 8 2.01315072466 -1.13621530697
SENSOR 1 4.12331880519 0.0678802042158
SENSOR 4 3.09872394769 -2.88428146089
SENSOR 7 3.75634279948 -1.16433634981
ODOMETRY -0.000541620482173 0.100160774973 6.10600709966e-05
SENSOR 8 1.87817851442 -1.01366154542
SENSOR 1 3.9816895161 0.180426105664
SENSOR 4 3.22088798607 -2.88735444682
SENSOR 7 3.85561122569 -1.2481610472
ODOMETRY 0.000392164302967 0.100030417468 5.94884613321e-05
SENSOR 8 1.99986008232 -1.17046431049
SENSOR 1 4.01876601491 0.115777110231
SENSOR 4 3.25397531129 -2.9525539699
SENSOR 7 4.05394324029 -1.2227338882
ODOMETRY -0.00125942131684 0.10020113288 -1.61507159024e-05
SENSOR 8 1.75085656325 -1.14737196094
SENSOR 1 3.55208748524 -0.0286615110807
SENSOR 4 3.50804055398 -2.88753787699
SENSOR 7 3.82246700917 -1.36929168223
ODOMETRY 0.000360444182897 0.0999819575854 -0.000301837577909
SENSOR 8 1.8391107717 -1.17035830933
SENSOR 1 3.59039567041 -0.0342919614556
SENSOR 4 3.44861173399 -2.94728150081
SENSOR 7 3.76933082575 -1.32508249858
ODOMETRY 1.72549656928e-05 0.100174178721 -0.197837957771
SENSOR 8 1.84979216964 -1.02686291799
SENSOR 1 3.54469869065 0.29649577269
SENSOR 4 3.58131266801 -2.63543212143
SENSOR 7 3.52211123328 -1.13031334482
ODOMETRY 0.000833159052788 0.0995224621484 -0.201127639385
SENSOR 8 1.96476940353 -1.04247072669
SENSOR 1 3.36338823798 0.460888904894
SENSOR 4 3.41856587674 -2.62263158505
SENSOR 7 3.62669913715 -1.03612445929
ODOMETRY 0.000466948919961 0.0999586066041 -0.199214878801
SENSOR 8 1.50569090993 -0.692985172161
SENSOR 1 3.40158919367 0.676179021527
SENSOR 4 3.82602221094 -2.34847085741
SENSOR 7 3.74222753671 -0.842560288278
ODOMETRY -0.000160679838507 0.100406646411 -0.20513341706
SENSOR 8 1.75964929425 -0.579092402868
SENSOR 1 3.25666160955 0.920760130139
SENSOR 4 3.74182183993 -2.25188172996
SENSOR 7 3.63271014603 -0.685588391155
ODOMETRY -0.000808106078492 0.100040068005 -0.199580511749
SENSOR 8 1.46234266827 -0.421036150351
SENSOR 1 3.22740135581 1.08076644574
SENSOR 4 3.90427768799 -1.96806270903
SENSOR 7 3.65826711924 -0.47952229817
ODOMETRY -0.000145486837627 0.100049187631 -0.200214103677
SENSOR 8 1.35631755589 -0.254560751908
SENSOR 1 3.23468633825 1.38502505236
SENSOR 4 3.88111579476 -1.75925703229
SENSOR 7 3.38003924837 -0.342820131699
ODOMETRY 0.000807682826199 0.0998576929163 -0.199650341973
SENSOR 8 1.34275233187 -0.0851814310991
SENSOR 1 3.09308576884 1.56870685828
SENSOR 4 4.02562092446 -1.65528286572
SENSOR 7 3.58514954149 -0.187873493014
ODOMETRY -0.000428515032312 0.100251047196 -0.149947833893
SENSOR 8 1.1879400183 0.0830958754533
SENSOR 1 2.99038531627 1.8317054283
SENSOR 4 3.85993494084 -1.51825245342
SENSOR 7 3.21978341217 0.10188066333
ODOMETRY 0.000329703084439 0.0999895285689 0.000238320945858
SENSOR 8 1.16107707643 0.098391493434
SENSOR 1 3.39850398338 1.85628260369
SENSOR 4 3.87738569246 -1.46107729608
SENSOR 7 2.98749025458 -0.0518862987595
ODOMETRY 0.000270843716893 0.100179945235 0.000184824435447
SENSOR 8 1.06344667542 0.0572593089771
SENSOR 1 3.30192232871 1.83214856291
SENSOR 4 3.85220965513 -1.58171538315
SENSOR 7 3.05644259267 -0.0733806410309
ODOMETRY 0.000857409131526 0.0999703558845 -4.28418099664e-06
SENSOR 8 0.991950183533 0.022852498629
SENSOR 1 3.30165800592 1.82615385918
SENSOR 4 3.80323123031 -1.60852485889
SENSOR 7 3.02332044161 0.0177212878477
ODOMETRY -0.00022595304179 0.100106578685 2.98408842206e-05
SENSOR 8 0.741572769565 0.0932227988397
SENSOR 1 3.30586753539 1.94902272948
SENSOR 4 3.80676660474 -1.64142290406
SENSOR 7 2.93534845328 0.0541856313413
ODOMETRY -0.00028842880877 0.100083357215 0.000286729693161
SENSOR 8 0.754895629529 0.138563110383
SENSOR 1 3.22600674494 1.97326623813
SENSOR 4 3.99586155101 -1.67216259591
SENSOR 7 2.85871262055 -0.0489927191342
ODOMETRY 0.00073499821176 0.0999470991446 -0.000399438313724
SENSOR 8 0.577463296768 0.168806915689
SENSOR 1 3.61502785225 1.95506173105
SENSOR 4 3.95219296527 -1.66140037674
SENSOR 7 2.74365846661 0.091096107858
ODOMETRY -4.31093421434e-05 0.0998743390741 0.000156696822532
SENSOR 8 0.589051083152 0.129088983247
SENSOR 1 3.39919780051 1.94412712004
SENSOR 4 3.99857884154 -1.70485592084
SENSOR 7 2.55497337551 0.0608138024856
ODOMETRY -0.000243566312038 0.10004641358 -0.000196329513877
SENSOR 8 0.38618074963 0.250102136286
SENSOR 1 3.34602941186 1.97196843636
SENSOR 4 3.86932679866 -1.72900971123
SENSOR 7 2.59840861212 0.0698763171769
ODOMETRY 0.000166426733439 0.100022177361 0.000496357405707
SENSOR 8 0.29236369946 0.137333892567
SENSOR 1 3.56145390971 1.980721848
SENSOR 4 3.88388761474 -1.82703179252
SENSOR 7 2.47702971088 0.129590298903
ODOMETRY 0.000200725157797 0.100078981451 -0.000151872288925
SENSOR 8 0.365729111397 0.349748787472
SENSOR 1 3.47041530697 2.00066575632
SENSOR 4 4.14389122248 -1.78316157679
SENSOR 7 2.40075146509 0.0146665231675
ODOMETRY -0.000579333651918 0.0999553366096 -0.000117283755679
SENSOR 8 0.0502863657936 0.410526774662
SENSOR 1 3.69067789238 2.17805074444
SENSOR 4 4.09027678434 -1.83041726386
SENSOR 7 1.98014597944 0.0576865719976
ODOMETRY 0.0003785086232 0.0998552643556 8.0753994939e-05
SENSOR 8 0.168342598614 0.997314312587
SENSOR 1 3.65030002905 2.04433177986
SENSOR 4 4.16845827588 -1.89464589741
SENSOR 7 2.02099297852 0.0343928604331
ODOMETRY 0.000631351437857 0.0998678082397 -0.00108162501603
SENSOR 8 0.228046714232 2.16782157887
SENSOR 1 3.83771899035 2.13991521202
SENSOR 4 3.91035210899 -1.78508814013
SENSOR 7 2.09404921795 0.073225887195
ODOMETRY -0.000193688869607 0.0999886926612 -1.98918895355e-05
SENSOR 8 0.075021317958 2.66991541795
SENSOR 1 3.94401764174 2.30453132583
SENSOR 3 5.04767387692 0.693054605253
SENSOR 4 4.04181014378 -1.86436690644
SENSOR 7 1.9697847454 0.0510655998543
ODOMETRY 7.47546602372e-06 0.0999796433801 -0.000779277957618
SENSOR 8 0.208235129731 2.86726458023
SENSOR 1 3.54294808766 2.09165642135
SENSOR 3 4.73828954496 0.641679611239
SENSOR 4 4.17698527247 -1.82214858142
SENSOR 7 1.71132485001 0.0983006447776
ODOMETRY 0.000689383008851 0.0999423918626 3.49513447236e-05
SENSOR 8 0.484016165701 2.9408108201
SENSOR 1 3.98604758273 2.20091963284
SENSOR 3 4.69180703169 0.703296950333
SENSOR 4 4.03432426588 -1.9192180266
SENSOR 7 1.70662307955 0.0195730144804
ODOMETRY 0.000371189846191 0.100228636952 -6.17591100635e-05
SENSOR 8 0.373342787461 3.05756133486
SENSOR 1 3.80212871234 2.24503327543
SENSOR 3 4.73172458484 0.67665686452
SENSOR 4 4.1194352688 -1.87726272441
SENSOR 7 1.48281402876 0.0712741173797
ODOMETRY 0.000618245466302 0.100151291839 -0.000273490204962
SENSOR 8 0.338081528614 3.00941243853
SENSOR 1 3.86632963985 2.33119255759
SENSOR 3 4.76975391251 0.681775935734
SENSOR 4 4.41680657696 -1.93881980098
SENSOR 7 1.40686137282 0.062021088176
ODOMETRY 0.000733914848916 0.0998145788248 0.000333638766583
SENSOR 8 0.519130019884 3.01398633257
SENSOR 1 4.092604199 2.27097935826
SENSOR 3 4.66146335586 0.71875130474
SENSOR 4 4.27909552357 -2.04618136993
SENSOR 7 1.3644951038 0.0459100663336
ODOMETRY 0.000374769638158 0.100036391275 -0.000317588610378
SENSOR 8 0.827056766872 3.03411383029
SENSOR 1 4.18766617032 2.23580707826
SENSOR 3 4.61732503972 0.766211483505
SENSOR 4 4.43223800648 -2.07050951908
SENSOR 7 1.03765736173 0.159708017897
ODOMETRY 0.000258383796783 0.100046475173 -0.000187448045561
SENSOR 8 1.01841466548 3.11245128248
SENSOR 1 4.21844819546 2.30727717394
SENSOR 3 4.3323136637 0.706356613225
SENSOR 4 4.29925826917 -2.0601421367
SENSOR 7 1.03803647927 -0.00430512051299
ODOMETRY 0.000175057256198 0.100016206243 -0.000574875437212
SENSOR 8 1.06114766024 3.03958700547
SENSOR 1 4.19308291462 2.37305169986
SENSOR 3 4.43340843678 0.694611397644
SENSOR 4 4.38782200387 -2.07646825755
SENSOR 7 1.06893881671 0.116816994177
ODOMETRY 0.000491173744155 0.10008587263 0.000451347893861
SENSOR 1 4.3465399853 2.28806126288
SENSOR 3 4.09833809874 0.726784901555
SENSOR 4 4.40765307229 -2.05703339848
SENSOR 7 0.881587336964 0.117015013311
SENSOR 8 0.867257838608 3.05280488795
SENSOR 9 4.94840900988 0.00494688573455
ODOMETRY -0.000630803375501 0.0998285005059 -2.7665388273e-05
SENSOR 1 4.28954934192 2.33401947973
SENSOR 3 4.21909781406 0.841868593915
SENSOR 4 4.34989823139 -2.1630714784
SENSOR 5 4.93979661166 -1.43241329084
SENSOR 7 1.00602499222 -0.040670077456
SENSOR 8 1.18675294958 3.004888246
SENSOR 9 4.77149906495 0.0784167803443
ODOMETRY 0.000177588275668 0.100041526731 2.03395494299e-05
SENSOR 1 4.50190602028 2.36927895117
SENSOR 3 4.00101151167 0.822133488219
SENSOR 4 4.61215771686 -2.12862160394
SENSOR 5 4.84715248381 -1.4593957133
SENSOR 7 0.709436083234 0.117971189266
SENSOR 8 1.19024309106 3.05045863386
SENSOR 9 4.81849247234 0.0840660435082
ODOMETRY -0.00019234723744 0.0999661969223 0.000577955783123
SENSOR 1 4.59154612566 2.44123409548
SENSOR 3 4.09270372353 0.984449055743
SENSOR 4 4.56940774115 -2.11108309143
SENSOR 5 5.01708970382 -1.51328639505
SENSOR 7 0.552235897588 0.0784446480335
SENSOR 8 1.49530808357 3.0624113724
SENSOR 9 4.63213726628 -0.0149057156019
ODOMETRY 0.000460432625711 0.0999157148755 -0.000910662300223
SENSOR 1 4.48577419944 2.40999777344
SENSOR 3 3.96324395546 0.842587357236
SENSOR 4 4.84921297455 -2.03032326714
SENSOR 5 4.88860777235 -1.50097582453
SENSOR 7 0.588213080216 0.109167111711
SENSOR 8 1.5290828434 2.9941760243
SENSOR 9 4.64413302069 0.012212596853
ODOMETRY -0.000632043960132 0.100015301076 -0.000511368804941
SENSOR 1 4.65821689345 2.45792546861
SENSOR 3 4.08457768068 0.947534767445
SENSOR 4 4.68074341243 -2.0547331182
SENSOR 5 5.03725288619 -1.5159326314
SENSOR 7 0.491288665507 0.21797802742
SENSOR 8 1.49582908804 3.09625513813
SENSOR 9 4.33921881025 -0.00590236119985
ODOMETRY -0.00030216604025 0.0998494710161 -0.000788688367358
SENSOR 1 4.82461449155 2.39935149529
SENSOR 3 3.59588226911 0.936386929512
SENSOR 4 4.72357023165 -2.19690127747
SENSOR 5 4.98819755727 -1.41111155842
SENSOR 7 0.25233213443 0.25429317372
SENSOR 8 1.84161583689 3.0711942204
SENSOR 9 4.41280424602 0.04021455269
ODOMETRY -4.40372241114e-05 0.100017342864 -0.000286686615297
SENSOR 1 4.96806499108 2.46338913003
SENSOR 3 3.77131398662 1.02060797171
SENSOR 4 4.97631293103 -2.18306190358
SENSOR 5 5.14857691815 -1.51205005817
SENSOR 7 0.153079788205 0.302027094071
SENSOR 8 1.78245016777 3.13258766533
SENSOR 9 4.2464309394 -0.0529402471568
ODOMETRY 6.09844486367e-05 0.099932109886 -0.000288637789677
SENSOR 1 4.89338384844 2.45642677822
SENSOR 3 3.8913033322 1.00389625496
SENSOR 4 4.69061171536 -2.1926166367
SENSOR 5 5.09158734052 -1.68617809973
SENSOR 7 0.148370172637 0.491018538937
SENSOR 8 1.79402872866 3.05372037318
SENSOR 9 4.11470896003 0.0504472179281
ODOMETRY 0.000717467411298 0.0999184617753 0.000633850966142
SENSOR 3 3.66655129086 0.99534175243
SENSOR 4 4.88757825221 -2.21111435067
SENSOR 5 5.01714051312 -1.58666564734
SENSOR 6 4.93994690121 -0.918673994978
SENSOR 7 0.162381760064 1.08374304001
SENSOR 8 1.94376056708 3.03250925967
SENSOR 9 4.08318042178 -0.0114319793392
